2200
3200
3300
3000
3200
3100
2800
3000
2700
2700
2800
6900
3000
3100
2900
2600
3100
2800
2800
2700
2900
2700
2800
3000
3600
2900
3700
3200
3200
3000
2800
3000
3200
2700
2800
2800
2800
2600
2700
2400
2300
3200
2700
2700
2600
2600
2700
2800
2600
3100
2800
2700
2800
3000
13200
3300
3800
3000
3400
2600
2700
2500
2800
2900
2600
2500
2500
2900
2700
2300
2400
2600
2600
2700
2500
2800
2500
2500
2600
2700
2800
2600
2500
2400
2300
2400
2300
2400
2500
2400
2300
2300
2400
2500
2500
2300
2400
2700
2400
2700
