95458
78817
50021
978
43829
63374
11511
95782
27844
51616
83678
1525
54536
35096
44074
45082
34764
52325
81349
25242
96317
59432
60696
75585
94433
65793
53840
97239
75361
8427
77815
70960
81984
6673
2397
35007
62638
26775
83185
36479
36609
18435
62590
79803
18136
89488
91191
65584
90143
81201
54699
40448
55762
42523
71065
806
86816
19222
57962
76610
30395
52920
73183
57264
34097
73015
59359
17829
80818
75833
99617
18205
12898
19538
76519
81282
3074
39385
39244
67238
68504
3769
95011
42518
15907
693
75062
70017
81043
48996
5814
64000
62880
70723
34821
94442
58026
78687
45746
10243
80355
47118
47327
35409
51061
1246
22412
27068
50472
55727
56687
99632
63737
64482
77479
91050
92113
92156
14900
11300
86285
6037
46775
34909
16833
39788
950
32177
17628
12222
54473
8993
74147
92710
98360
47576
34322
25533
30435
85007
91105
51369
32357
83347
97276
74798
73204
13060
53023
7310
1085
9301
71669
56878
84470
85263
15914
18642
11815
66011
59799
7023
39810
95277
13162
36617
75306
41575
75494
22260
82470
45995
32550
97793
23380
73425
85227
11664
70489
19089
51541
96839
72305
4086
47727
48600
66798
25216
51316
27559
77390
34555
45424
34654
35731
94569
2274
53609
71040
98313
78442
66492
20969
69862
31696
56322
24258
85680
86052
51138
89846
79337
86108
95357
56737
21741
92131
80775
19422
79268
47307
96176
70175
4390
55272
31388
55231
85973
15252
9671
34623
26178
45403
48240
69098
67614
20341
45878
40184
8275
14161
23639
85812
18916
52962
11595
10008
12501
56444
47708
92291
65761
19941
79162
74510
35918
9645
48201
23482
77015
71205
36991
68278
10542
6861
10409
86339
22611
28972
70393
1238
28574
76020
32022
62013
54013
37786
36707
12924
12802
95434
43646
1500
83612
39057
81312
10295
9577
76501
1020
35465
68105
992
40901
72646
60665
17927
64614
18435
3407
71349
51527
5021
1077
65572
16559
44284
29769
29272
57855
32177
96113
37425
65788
83770
47192
80385
58149
84906
44329
98613
7687
20608
15899
55082
16765
89039
95703
5269
15376
89881
33580
53102
14071
87765
34732
77638
65247
35803
19135
41115
19641
81053
85500
70946
76301
16964
57179
74422
82933
69124
20164
78518
24802
95282
96919
88282
15137
55864
2629
95123
47273
21093
29270
85328
79425
11689
77432
77592
95141
85768
58144
54522
31101
8912
70465
19569
63880
67152
46498
58557
72883
91319
28717
841
5252
61102
20115
18562
97320
46265
17342
38124
45602
5580
75394
72496
92362
24527
69515
4951
58828
65820
76048
34719
7768
91698
30947
18440
17295
57862
33881
32011
25617
82387
44633
77276
47435
18659
66367
94232
37620
32753
94950
57285
554
12422
53540
15616
28534
87484
15627
37062
79047
19162
59515
67372
42904
62678
85341
64574
58899
29873
77959
30748
20969
60780
4602
33918
41317
54934
73185
57677
69805
24997
58529
38503
61545
99001
96344
65560
46813
22215
39131
16610
63344
19494
83320
70247
77859
41372
78078
41230
80527
59115
78925
54115
85919
20695
15813
47654
69867
74428
44223
47825
49705
28452
30907
42284
36386
45261
48205
34809
85752
29108
61423
29212
26044
49842
56916
51848
56233
73311
86751
77518
31280
59546
79179
79731
40580
2290
15375
15808
25244
29456
69669
57826
2408
42423
61600
26966
73068
21197
44568
95864
62941
42516
98316
38111
90891
30892
14014
34946
16180
20073
66213
56968
29073
52227
92860
7404
1894
48086
19755
66836
52528
29256
40880
51028
41494
45829
69749
19060
98896
53250
96729
18803
77490
586
81620
89606
55953
39177
44963
49808
43447
15900
53341
93891
34344
23749
8581
20420
60481
38901
12941
24244
93139
45321
3872
44159
6796
30295
8460
23417
59639
68339
97759
45595
90419
46141
38749
44836
89758
82582
48419
30630
29230
27854
43130
82379
40
53233
84061
36655
23885
21266
20137
28094
42699
93951
45929
29516
67514
4128
13547
33818
59240
71893
98187
2248
2064
5531
79321
37475
30478
80280
68941
14784
57033
5428
98919
56428
1538
53074
49037
36744
63392
89003
8179
79316
75539
46719
22118
47954
72612
33771
98365
53906
49242
90408
46968
54361
93971
10047
4478
32838
89576
95695
28954
64742
2484
76731
58362
76199
29435
94228
63557
27662
58551
79183
90720
9725
67848
54022
68016
14050
58944
16808
32766
62157
36269
47974
94119
4241
98852
25191
76927
86198
7120
84680
9258
85697
17679
65162
91783
46892
27754
7132
48461
14212
66295
70200
10978
82208
60826
66141
8139
90913
80856
54436
75138
98566
58148
79897
97760
29023
59516
51022
67808
77888
90657
71138
81756
8131
44733
74764
92016
42948
17996
19790
81572
84485
44242
93615
72879
81023
22869
84758
38306
70936
3813
10447
40398
50087
24934
16687
74291
70220
22119
82994
30518
31649
61484
79889
11653
40553
42606
76429
66570
41597
43301
17459
43911
24760
68493
58223
9466
73233
77328
12041
60286
79179
10439
8448
96820
66360
5566
79784
48691
73981
98381
16176
75523
31906
21920
14473
68653
32768
68976
11650
18090
35432
51492
68516
79985
38923
53451
49051
65015
78388
7653
31829
12878
53590
5304
17153
44898
85342
97469
22321
13037
78590
27550
17155
13677
96689
19856
91830
46243
1577
6021
52527
89883
82572
40194
35582
29223
95640
86376
1635
24090
33325
8958
52756
71983
11015
48462
25308
34571
48183
17919
37291
71028
47984
25296
79929
92711
76536
30092
8102
55588
78353
82683
54529
68297
15701
82670
44124
94757
23325
51605
31642
5208
27722
70367
52031
10005
60907
50287
31485
21003
31413
25961
97793
74497
46384
18392
64039
45333
31447
53719
66045
64732
42701
14956
66283
98768
34566
25531
47747
47202
1514
63407
47086
90467
21493
51733
89580
4432
93720
51304
45311
35222
47595
93758
54175
46076
21169
50864
26572
62395
70072
61080
85972
51106
43134
85739
47730
63396
3736
78425
25695
48676
54032
5864
18995
81393
72571
376
9883
82863
98496
47735
39738
71681
33900
93199
15094
31000
29300
59336
97626
98733
92554
7163
34052
61491
5276
34514
49319
78922
2063
64789
95479
69780
47844
32532
83143
78805
36360
4579
33825
33422
97824
67088
16342
54814
50762
15971
4100
49634
76948
63578
53583
26191
33352
47475
4124
13863
7526
13809
94265
87260
66280
60318
41601
95901
35793
74225
32402
41443
45793
36623
85441
21255
22331
37041
84711
90267
60154
63156
25594
70298
51214
43457
92467
67222
23308
82444
19399
75233
71534
85590
70923
87840
20866
80413
35391
86953
86172
28859
42007
42831
47899
50523
61003
69832
55624
53778
77375
26203
57783
28749
83050
76511
33958
58051
19903
16197
25025
70913
90415
81738
47005
47533
35606
48721
70040
17005
85499
76957
15848
70101
56994
71885
73709
5487
65424
24106
31134
88586
64297
89994
47185
60709
56934
29538
59730
90611
26113
47152
54813
16578
96829
85434
87373
55067
97977
79947
61417
1500
88536
13160
43543
70235
16115
95154
64345
27672
62974
46976
55856
6973
37046
66580
45165
79501
96333
76591
32970
80338
72335
19611
64507
86465
56156
79368
55972
87280
9595
11322
29728
63619
74709
39231
2670
81945
87572
24849
67814
66638
7437
43103
83664
66437
30880
37693
76731
17426
50125
16286
90337
36601
29247
46618
72120
22223
88646
8513
55136
50392
4355
70739
77197
74533
42683
53486
87547
35645
72868
36701
54305
26287
75097
61459
92590
58938
42196
22010
75617
18728
65449
90762
96133
39169
40189
71153
30645
5606
14186
57824
1011
21461
6289
85776
69291
17853
41262
48560
5541
89582
44930
26380
72460
61815
32675
63143
63531
76810
81290
18749
43616
24246
10268
13975
61663
88626
4920
11093
64517
31347
21676
88586
54473
5235
23691
79207
95332
94286
57435
1886
74254
23930
94012
20913
67855
44220
87629
83928
42910
84441
85265
51052
66026
2319
81185
55755
1026
66977
38085
105
51837
83016
75946
81515
26466
98533
2511
80291
42479
55020
2607
15696
62178
56094
12273
35809
57946
74925
114
40994
31628
61397
95395
77274
4770
21472
31388
83996
36837
12668
56523
19440
31002
78772
22720
33227
98005
39669
65625
92440
75555
59262
85729
82501
95776
83473
21222
49710
33679
25152
85698
81812
19109
93697
63514
2195
32807
8282
90875
87854
63408
46461
60376
54704
47628
14954
78986
93749
76841
55782
85847
79042
42916
57870
51683
88314
29719
70284
15634
60974
76243
22100
12490
87779
31618
96169
46915
58843
28596
51111
63009
28790
20012
53828
36311
58845
26527
7888
53261
76402
36087
34937
31105
9365
40292
72426
39733
51882
21620
87072
47954
75411
27296
18400
42313
50271
42836
59319
24554
70631
2017
85176
6435
12756
34560
26650
77957
23849
78253
74209
83540
2489
16858
66093
91993
6270
83249
53878
80695
74507
50908
84011
21279
80467
70918
8643
44624
27111
37756
54140
90270
67057
97213
70373
10817
92576
89675
50571
9906
77289
53198
79936
1077
24348
32552
67742
14687
59135
93117
34228
53570
52815
33696
31024
33990
82849
55946
76122
87387
73524
79594
2808
86677
69047
14627
29238
86173
64229
3445
7172
33023
91618
96669
25814
13548
85188
59483
38265
97193
86910
32212
69255
37318
47790
65560
42309
59727
50866
42451
66431
26031
44510
56981
28144
92147
16524
70898
30053
82703
14928
52947
51470
76486
71047
6205
34174
87626
49236
44000
27390
449
94294
1608
51053
43334
62338
91314
50654
45995
47288
55055
30295
13455
74024
28688
10281
18167
49412
1293
61266
30074
49337
79543
67044
20015
21900
61130
13018
89312
53534
39488
57414
29726
90571
15655
2197
15707
69952
71826
31164
42588
61224
78940
58919
69066
97575
51209
11110
44353
45459
58449
19982
51413
52347
33393
91719
74750
40981
83412
85319
97932
46839
38746
67290
88366
33514
61876
61098
96745
47615
7776
83963
4964
76567
80387
49204
52009
13847
25832
27720
70557
60885
44878
20025
19149
22279
84270
83705
64034
1382
9213
2305
28749
95982
25277
25696
26865
17829
89138
50722
88304
59837
81357
41200
54463
46232
22387
46917
39904
12515
68594
90455
58088
22111
77755
38094
3546
64880
28750
65557
43226
16867
73730
72174
93337
1732
33196
13445
96269
18650
29020
80130
10641
17079
26791
51116
80155
68863
70578
63846
4005
94608
29040
79001
68974
12419
19989
72658
15095
20560
34774
29789
77178
63953
9413
51466
39340
86057
65174
91062
91369
43859
67950
77838
73250
10729
73549
52739
52835
33248
64326
32894
74642
67450
69062
52365
14735
90151
91363
88640
95812
13228
26484
33007
91710
81027
24128
48433
53120
5692
11161
81397
3823
88958
70641
93082
88691
18082
4326
90223
64800
53295
18537
27264
45114
51780
2519
2606
36835
23190
84003
78969
12221
73215
13196
37602
29614
38013
12637
47694
88609
44042
18028
53790
96053
2334
52220
80451
33036
6611
40009
39025
10532
85473
4625
50425
39422
54923
71077
3899
9587
47068
45386
3279
75095
69291
36987
5166
73399
41315
16834
29323
7081
41579
35986
21259
69151
66487
93135
79080
95562
52335
97025
30793
42120
87112
94981
4760
96330
28282
72065
18294
14557
2286
60873
13047
33897
14257
70968
46140
54177
45305
56274
85401
77365
70190
49018
48760
75928
57054
23942
441
92663
19371
76477
74405
90504
34362
82463
46873
94063
88550
64102
34810
40123
78382
20017
95426
83979
17484
44248
43141
73326
17651
42334
77045
72965
24304
47780
80724
3410
45677
29587
36425
55870
9859
87280
4321
16746
76042
11358
50477
13595
87183
4174
82089
81842
65082
8210
71596
48262
42738
73371
1507
71672
5942
86659
87504
41079
44861
53350
61677
52001
4114
71361
87443
5748
58751
59906
61383
77625
9484
50000
16353
70014
40329
22993
26217
18622
5804
15005
38954
61070
20280
80196
50770
78120
26980
78699
53773
50262
72628
88303
40381
34506
52040
30869
5404
81109
42194
54952
35441
91712
89588
65300
64710
32519
71003
9950
44110
63661
50170
81397
75104
54951
79149
49453
1225
23219
59667
9687
51564
47117
33894
59323
98050
37741
84091
10046
60249
87275
24804
42227
55057
47606
35767
39382
98073
67738
56474
57740
66238
13900
30887
61106
79191
30611
3235
56335
84178
52861
1782
73590
89164
47685
26139
18848
17
63599
80167
1315
95369
90695
41555
52454
56822
40898
52839
39539
28917
81629
48025
24068
79491
64665
61344
28087
78679
70821
36103
3999
92191
47315
42721
2850
82538
75606
27602
26630
91032
53543
31840
90965
3004
79770
46045
9300
10002
56184
43930
65566
63712
34936
56085
43659
9372
100
68983
74353
15658
71875
34280
41623
24868
84050
70984
3789
77544
2011
42932
12288
46729
83186
84883
2082
18285
35094
37239
23171
15029
64895
40899
55336
10029
55324
21154
92691
44771
94795
96201
82972
3053
36164
23467
10433
75933
49547
20208
15831
5405
65284
26365
51988
13494
68499
32490
35121
25961
45976
50888
78011
51166
82236
17942
59808
55769
59641
93095
67119
20538
83744
40795
68501
62380
54937
56840
52942
11164
64362
55500
38886
37251
49029
91664
52503
68779
58915
87675
21380
76717
8879
17505
53332
95434
25545
8103
53649
51268
5166
49842
21339
12304
30025
25592
10792
80572
48378
27550
16239
36832
51025
20911
73994
35591
87812
39986
94038
68936
53767
11441
88029
11952
18449
42670
136
84981
9403
71818
42573
26328
71818
21020
9949
31
76424
2156
2121
94307
68140
15582
14819
35313
57474
53919
77730
95179
4688
30371
20912
55805
35801
48864
7116
54476
6750
32918
8004
28404
18007
97876
64982
95600
47516
92300
10654
57388
82983
44883
54194
34545
53729
30756
82870
17073
31125
95311
23148
92853
44758
39378
55248
88271
92192
49556
87361
46162
66051
54622
27103
96397
21426
20120
48446
11606
34923
15268
11172
16187
57431
21321
78083
75065
50524
43403
84972
75738
22011
86051
65949
50478
28341
39412
34472
45854
61807
55393
9061
16882
10003
52706
76228
64410
90854
53385
54486
68503
61323
76749
35914
18313
80102
74043
71384
37531
40621
17988
90762
6708
93425
78688
23212
72606
55163
88828
37578
3688
22653
44508
37220
15558
34886
44781
61913
64598
76529
20701
17085
35014
59511
13038
82738
44147
30174
55867
18903
80446
14035
40851
13702
93012
26628
27864
66042
95212
84031
9208
28781
13118
8031
75544
41608
1778
74526
51648
29252
8225
3987
8231
43244
26958
78687
43072
55722
66697
93200
1575
23534
45702
70868
13403
90431
67022
13933
54641
89080
76402
86589
66853
30418
65758
56192
52377
94532
87186
32099
18995
86183
47055
44387
14460
7837
1554
66418
76947
2286
94182
48977
91042
65769
80624
9239
23149
10945
16666
88586
13630
15272
22163
44589
62682
22005
69637
73921
10259
67772
68645
19837
74433
30345
26296
64824
55150
68171
86104
18233
25578
43942
66753
583
57248
58623
37943
864
74885
11538
83096
29321
27651
2928
48180
74311
75197
71341
45960
20849
30818
82563
97239
97375
87599
40276
37296
38027
78483
77450
46215
20951
47902
3670
74494
65339
27102
45713
2837
56860
80482
24320
14758
76285
17236
81610
68691
65601
54463
62550
18141
51879
3858
82103
38143
8282
72913
68720
16362
96761
49533
17266
51218
19847
46319
5800
79495
24026
89958
61116
13301
31287
34293
62454
76426
83458
73829
91188
78379
93096
33339
78495
77592
45270
73656
16371
75408
50254
42042
20382
80437
49603
92610
60869
2589
29311
1080
59773
21619
40004
55181
59164
26014
76110
75574
38647
14031
11342
27371
36628
52507
27691
86071
21140
65592
72845
43910
97099
97160
79598
74767
14239
87675
44616
7317
22980
59979
75207
56002
74412
74143
22954
71632
63644
8023
28668
17072
82304
5393
19918
52824
55221
95368
89603
21524
79710
92489
74779
95194
39739
15798
11466
42872
62765
72725
33103
72107
33723
91588
73659
95981
13174
25527
48876
30346
88829
8567
911
12960
2407
11078
90131
51154
13837
80049
39593
7261
26354
33611
81977
67591
59525
73321
41953
96132
52788
73461
49720
38998
87367
23932
43573
41396
87295
56200
62734
27215
83119
42069
92823
18858
47017
76738
39943
43244
57167
47982
26045
68776
12617
7622
68324
44089
20721
1936
75240
92120
29687
83852
78047
58795
38427
49170
32312
4136
16077
47472
11051
85371
86428
62824
85184
32169
51855
15831
57633
63402
18345
33708
56110
67402
59891
3596
43400
44308
20945
31240
6724
7143
96844
94680
31984
49215
10449
75649
59273
24372
8834
52936
54322
11659
52921
59244
67919
95990
74237
64436
96666
4416
95926
81073
52200
59646
71517
93647
28045
39941
21645
26580
77003
77115
89489
5656
45665
64421
11342
78173
24016
62634
7828
43436
45646
22905
74213
83004
28219
14260
41898
95331
54867
1107
54111
85429
11928
95777
52622
51039
76337
49662
25684
26539
68304
45021
70830
37937
52565
83569
35762
26694
13162
5336
75649
54781
26051
95347
51389
84353
96637
67860
8816
66836
8275
64357
24915
45010
311
95239
96904
12335
37580
19709
67451
53889
68067
74296
89874
56829
35324
11895
22445
7040
32243
52246
27076
27104
27961
12476
38770
52535
93967
32438
52533
41833
20320
34620
46774
93658
48317
71363
69827
39531
45588
45813
67723
35697
57947
97158
14345
27636
45573
50507
6665
94964
55606
54153
54419
73957
58404
44639
51126
56705
30294
74686
20779
46688
84433
33787
82964
46876
50600
27910
33184
65053
95998
45658
50131
33606
79286
64712
31069
49591
4585
5634
71386
73625
13286
21637
9581
63092
65800
23475
80129
75735
89731
66351
51414
53261
57959
62390
21316
90330
11627
49364
12793
60846
20612
5584
83519
51340
68477
25497
82469
27428
43482
73486
71512
38749
22414
30738
19504
28962
5274
54785
92304
36703
32055
90626
89891
60409
14437
67105
36032
81049
84780
85548
12698
80216
96590
59227
54126
12360
21967
57779
15756
93757
35167
23013
73871
22358
27376
96711
16714
29997
63435
81926
70050
78436
8139
72478
81478
91782
89431
90401
43638
78484
44216
93652
58908
1102
9943
8240
54875
30784
25691
63999
51270
22504
66530
78330
86814
23349
19250
78185
33016
57097
39405
64415
6737
32031
74036
67428
82790
51110
8517
16008
83571
52274
1465
96013
23022
56174
63279
70866
42754
68474
57144
91344
74679
27327
28971
17217
69964
8058
20548
74123
84596
80222
89201
1199
44179
7256
56759
57824
25741
90774
24744
59564
58048
22516
25114
42566
87669
14922
38409
71868
44185
89513
79038
14500
7626
57178
7418
8398
59783
41906
91525
58158
16895
2530
59007
8906
22493
36789
63381
87442
929
52465
6342
28688
63751
20450
55101
77369
16544
64202
46035
65332
13426
77978
30546
37896
5341
89517
69183
15862
36544
86496
66432
59418
5447
42589
28647
74452
79665
55094
21050
83665
93799
27773
59995
77000
86205
77377
33659
21206
31495
55153
63020
7598
7764
44921
1180
11779
50949
12039
21488
82187
28475
35706
21817
76911
12718
74723
13173
53265
38230
36276
2519
27262
33443
33693
42729
79832
82368
40204
58065
90338
11043
6567
35597
90964
91142
21712
30810
85646
34243
82576
86534
40163
31142
79899
40624
60076
19229
80141
37829
48397
28598
58946
94564
90892
25867
58789
49752
6564
76885
54610
7602
1689
72063
46211
25516
67763
15022
77497
39998
83621
38449
83310
60487
35633
51824
64092
94934
80002
15200
78143
40229
44413
16840
11292
32674
59820
90622
91168
65181
27776
5650
24022
47164
8891
27059
67039
81755
50872
70069
65745
76204
87511
66986
49362
73287
88937
10250
17906
8301
52604
48807
59587
49127
9339
60644
65018
35097
11610
86252
31778
848
35329
91923
67802
46443
78647
22511
81619
13483
61390
62896
4165
41055
45429
32065
17705
51545
37215
75770
152
65386
17975
10320
9578
15267
14077
13265
32474
53528
59789
69213
16854
75973
54490
32061
94441
30461
18066
69591
54986
33743
71705
22980
67579
93095
93799
94568
72767
11993
61671
75331
51257
79914
35047
71102
20711
83836
17662
67827
93571
21077
2530
87142
81353
12309
35775
85548
48710
11205
35696
72206
88110
60969
37949
30750
54939
63442
62149
28209
93413
72650
57910
90718
61187
30247
38099
79044
68404
89559
1970
75052
9308
58963
9521
59384
7563
53006
45444
56049
33184
67625
75620
24073
12827
67235
39838
42583
80890
95245
30442
6070
87753
70800
46463
63340
78181
7764
82792
49853
67740
22886
69982
16056
57219
95099
8949
88185
14504
56394
56429
85019
81266
32512
31363
20630
43359
95480
17776
32244
81068
34493
91902
88489
24018
13969
44149
29849
69764
80039
37562
18497
48413
58587
21924
81509
10276
43746
15183
83452
53486
68949
21118
37988
28304
5092
39832
33285
77546
20460
24120
16815
78525
93176
33327
36754
43206
56127
20814
83118
67791
95766
91269
2009
62901
2507
38178
62289
60882
67148
67935
29994
67349
53055
44700
89896
13273
85534
1933
36442
72306
67879
16192
20991
25399
65885
22363
3106
23088
25056
18397
42854
72119
90391
72212
22162
34449
43691
44778
26680
62985
95788
39704
37175
22664
78949
57706
87723
54892
53511
43800
66751
88301
4581
56478
473
7765
84558
68174
40284
67413
50698
27319
65679
11114
71554
70339
90185
22243
6696
95098
50059
51477
53157
31059
2849
6901
75993
90875
86623
32418
92334
28801
11663
65192
10438
57653
32703
50557
73006
21238
53285
34109
75927
6606
51277
2403
27836
86944
19861
79791
85515
45973
56367
95334
15890
25020
6440
44362
76565
6197
32539
24418
9167
36001
36045
93539
16714
16185
1237
18046
1090
12001
30716
34928
52968
51864
61482
25157
91327
6989
86570
41853
56535
67248
45814
93351
51637
60334
42842
66285
77848
83404
71651
66120
11527
75712
95875
91046
75314
43303
51959
2713
27358
19719
62421
13009
67193
64423
49241
12527
73091
78218
69384
53909
11624
76437
26816
43754
51179
20798
10420
68561
51433
88162
72013
53901
48548
69082
75815
55493
8665
30489
5106
67253
22878
16573
43279
79209
68145
66321
63549
23306
26505
68373
16057
93025
39478
51026
596
49148
64138
8364
39764
37674
29395
34908
89295
51802
5826
54630
59593
85138
94035
51893
12246
51912
62088
9107
69941
59890
62741
22633
36159
53161
6751
38384
31723
74741
7411
75393
37664
35430
56733
33875
23668
38118
6637
27007
17831
76212
91088
20365
11416
70160
65015
82702
37635
60839
7403
17169
10211
61361
67084
89924
17624
78280
21198
5579
22624
8446
79868
43288
37058
477
81796
48392
88662
63927
5061
43022
94759
64634
33492
71678
90142
86249
9035
58696
68142
47388
7653
13454
14707
9816
18415
25748
46564
45828
30496
21899
35476
47326
65979
51658
72589
62414
25361
86382
1269
39247
23775
91981
35383
14445
3486
96162
69144
32299
15443
54239
20650
80327
36621
71115
70588
95032
54258
47694
90451
96422
67005
12736
23386
91993
1236
24251
21239
4891
65994
37859
68931
25477
80227
8224
24164
82593
87646
70681
38567
9732
92446
44671
76465
4494
82219
50656
51854
66193
16454
81287
72267
66099
2029
18438
7944
95957
86285
6144
29337
29427
58105
11941
13161
3824
92834
50539
80859
28417
16484
39950
52682
52862
52705
56692
21624
70597
78383
48952
21403
79502
14532
39762
87282
51230
14350
14164
46639
5121
85634
22819
43776
88267
28018
81336
41691
636
46904
31874
65044
32550
70073
74066
81405
62984
60697
15643
37868
9217
21062
69728
78800
6844
7553
29955
32365
43761
92459
15707
3864
39209
36679
71378
63857
41284
42316
4649
19431
46440
93654
1530
85213
35927
95095
82061
16538
57754
80033
90671
89995
46094
14126
72259
87100
58519
24139
66094
7711
56791
8187
7899
81239
75521
23849
54896
13901
65471
11038
65196
24600
68017
2177
44006
38646
31509
38571
63302
38379
89222
67491
51332
29963
90049
81587
33986
78252
29369
37378
63911
54079
15407
23535
659
56863
53591
70914
95873
96217
21490
25176
91993
61548
67881
69990
37594
93530
9030
24487
74567
4486
13876
20595
38110
74426
79939
51568
81081
83157
25681
88570
9923
5454
60968
15175
19916
4157
72911
87726
15153
83647
73254
57410
59395
21524
12903
10300
38906
8352
5621
62014
75993
74682
6940
10479
86249
54333
21821
68952
92716
77676
68521
20143
96020
35386
21417
72765
76717
8038
43728
6705
18548
12478
58964
78309
62083
11102
89485
50417
74186
34269
62543
93419
83435
95776
10789
18230
449
54634
398
29675
78462
52779
85759
57531
66288
62581
6326
18593
44284
10899
12917
73105
29359
46710
88009
78368
76700
20140
24454
22333
87454
34322
40965
33193
72043
21857
7071
35657
87539
87732
74408
20377
3180
34773
52381
85732
31818
40115
57920
40814
34382
59061
35372
49243
15404
50917
92690
82403
6863
16534
2767
21861
52363
91339
78610
28037
66209
20666
77272
41618
72169
28458
52914
39138
27429
60557
72419
76586
38422
5961
92116
88764
91886
57303
67774
21307
39001
23483
18916
62452
58460
11191
61529
59483
27507
95077
70997
54981
6355
2411
69878
79283
75185
30379
53483
13942
54130
46087
56697
52758
69544
43860
61659
56618
87522
55563
17282
30252
13225
19883
32873
15003
5807
63830
2086
8608
11372
77497
52748
55301
65367
37286
88327
15436
7574
21688
12106
30321
22355
22324
15045
45968
30101
47303
92602
27650
27675
46632
50930
10970
73376
59749
72992
1125
44427
85642
64843
17867
49481
52928
58980
64397
51761
36099
94473
12128
35460
67433
20056
22816
69652
48523
41118
20820
9135
77260
88652
26919
44660
4204
53453
51955
23618
93915
91512
17941
9752
38752
76142
67842
54078
12093
77334
55073
26519
51976
44335
7945
92776
35599
51745
42706
26740
39663
42470
29277
20428
6730
27733
76742
51070
40988
86694
72535
41955
29351
73742
46597
65212
47477
9075
9726
9343
68496
94121
57342
52823
52803
2745
79807
22220
33237
22436
72786
74059
18491
24777
85460
71327
22063
86858
70245
81345
74642
8859
85452
4008
40752
85391
29861
30377
6782
45826
10181
86881
5788
60876
42534
82593
38410
44485
4428
14726
70893
19660
39655
50843
61711
5880
92784
56668
79728
90212
63618
9609
17288
32464
31928
40700
31962
42239
24006
81184
76905
91153
75027
39190
95275
45249
68397
49958
10279
70695
53924
13824
14054
91490
39748
93598
68037
90481
82810
21751
78556
60424
30723
92537
24078
7303
84464
83674
91987
61799
23231
67920
90105
81371
77752
64004
89319
29183
76070
61938
59753
54743
2647
51752
91980
9551
63849
25505
26104
2553
60238
5348
48735
10533
46911
66830
51328
23774
88775
48552
15219
67202
23753
15258
62853
64888
16856
85246
75674
80751
93452
43565
14209
14752
15893
76561
51279
54995
18499
65423
57827
55234
34386
79672
74564
15501
5263
95207
38175
57236
30631
35178
79147
16325
73750
27462
47301
62474
48054
28424
88228
30846
28851
7434
14249
95096
35323
30448
36854
12329
7971
7725
38080
25511
62220
22470
21059
93705
84677
28685
76197
13625
2912
48546
94401
24103
13214
91127
92223
23207
49524
75430
57972
68083
54849
79210
70394
40149
12189
67975
21868
61896
44247
2287
82046
15689
74972
91073
1960
34488
82983
56756
80770
56989
56734
29237
4829
13409
92442
69078
38623
79905
93281
24797
4586
65762
8593
90785
35773
8371
11085
30011
5737
8393
77258
81836
258
85552
4605
51807
49992
3725
90190
84967
15090
57506
70124
23880
75498
19539
15627
5051
55071
4411
87117
6239
31446
80784
18723
12394
52873
50846
73553
43513
52556
8791
68151
34501
67601
51463
70706
6387
40488
47955
72316
25071
82417
18277
14494
73566
63875
4240
17312
39085
74251
1911
89938
53586
73620
56034
16873
3242
68716
25105
10663
18300
44763
11790
15149
23538
63090
33503
87205
10130
11718
45147
92078
86280
32345
32314
10667
33851
47881
40979
92386
86269
62141
12071
79699
12681
76729
31455
82003
23728
69916
61676
70887
12888
58482
26217
63469
33478
82279
30136
39736
69646
63719
66939
76964
27553
36074
1312
33434
70763
33437
31424
84221
72991
93313
75463
16117
2408
64960
1352
59611
19601
27488
72204
86002
20145
34046
34011
52869
70046
8183
10292
10780
16445
42126
63450
40695
15499
89170
79708
46029
32562
26974
88665
50361
40678
13516
62675
12092
46371
77744
28699
79096
12377
75141
61632
17531
12596
6641
77631
40707
64666
54005
34728
47481
15345
51848
27659
35673
32902
22065
68051
42033
54692
67960
37095
9985
80903
34857
53149
34672
42462
41498
56833
22967
89780
82132
13995
57840
69995
38896
3096
29756
51437
89188
49596
90611
34368
10941
73550
18669
86745
15404
12254
69571
20078
59150
27080
13861
81782
56850
20594
54939
62462
44527
25411
44286
11461
73155
92171
49232
18092
81539
23121
52146
3900
45108
90525
31784
91101
93902
55102
61781
60061
47813
45321
53990
36099
92893
36495
68418
78594
84067
41210
68308
28981
93365
4148
46240
83857
40553
66275
60622
76713
2844
56891
61682
30018
13714
19333
53825
3197
79558
62823
52243
80566
27798
66407
8595
64238
65701
21005
18707
83580
66088
11037
68652
14201
20015
67447
29047
25759
86558
3883
64222
6288
46675
70336
40827
92677
32787
41112
92943
82898
18929
2896
39087
89471
61516
24792
33704
73390
21815
6540
58066
76699
1460
17689
76962
57693
45191
66355
18589
1800
17288
56702
56326
93940
90551
51121
69557
69414
46574
60674
17144
72913
2285
36185
15826
64085
19788
59890
17942
29684
1944
29169
46828
14489
40051
24190
3953
29013
92744
38842
39584
7160
65551
71843
88089
92834
30769
90337
89256
20100
84938
82574
44741
68911
68881
66004
67096
1164
95172
23993
9658
86045
50032
32354
54233
83691
33779
58993
32986
52613
30881
55133
59104
40614
40113
76786
83443
72380
93284
36796
64929
56733
59752
52354
37515
10143
85319
88360
68090
71543
78939
52718
9269
70110
94179
43249
37527
22428
13556
86092
33348
49874
83407
7231
58281
55603
20944
8928
63077
64696
60320
61001
8945
83410
62633
3013
57139
52629
4847
73479
52919
64103
47307
27881
87624
8313
72211
7444
90189
46262
78322
90725
58979
17230
61102
75933
10925
46327
30925
42772
94602
87024
91568
24376
82543
53803
158
14846
53788
52101
59478
76146
33304
8587
48343
28045
81876
7572
14829
73795
55105
88470
72108
87978
92476
25087
77044
15422
65503
47698
43199
94984
89291
35554
77623
77383
79430
76683
94468
22270
43105
40675
82840
33357
46613
47465
30903
70211
4721
71522
3194
32761
4159
22680
5431
90241
64139
19640
85400
20476
60389
32811
55933
93760
60702
25361
20649
74858
60283
27539
86796
48569
52718
47140
30317
25082
92693
33510
47007
49102
11540
16119
17165
94914
57938
33555
45224
87667
10662
61693
45307
74680
35454
31742
69537
45414
90202
90098
3454
81879
81269
25174
47088
30240
38129
29626
35381
44582
1986
88205
53640
24171
91370
49903
6778
29343
65028
93668
42009
83836
82007
68578
47694
85491
48852
22469
37016
58126
54517
9639
75519
46671
33358
23373
67406
91573
55413
73499
91407
71953
19795
55604
66956
45656
37032
29871
62705
57259
58857
35578
90779
75656
8314
70940
51624
19230
77163
65910
89202
79395
72769
8445
52546
15814
21398
18056
27213
42994
48154
78554
69975
2544
64170
8432
72099
89554
40346
33001
44340
38149
22586
80690
1000
55803
25852
51805
88971
28922
609
17529
90412
2335
93358
75873
22682
17611
51503
62223
56420
68541
44299
50059
82593
46425
62434
87452
47382
38693
86703
88843
19629
82932
86193
53448
80199
71485
62718
37467
13680
22044
82723
64992
56668
126
47560
45598
14229
39159
74276
5825
6074
56322
55705
31810
57234
18307
15088
23594
57234
12743
74751
38176
42596
4388
79860
30635
31593
9945
38996
48393
78878
23612
71812
65573
41388
56176
41011
42360
74398
38875
27252
57902
55165
14052
72520
78164
23404
70643
59937
9143
36803
39013
94360
55860
7022
76308
42320
23220
28195
17254
90500
90346
19122
15639
94382
42944
89218
72164
45305
47187
82511
3720
76490
73604
57008
25043
39789
6995
36511
89343
10138
30618
86203
72443
35900
34483
45182
7331
52733
45859
24130
51344
86773
38133
94113
82282
29653
68859
81857
36176
78179
4947
91693
74854
14087
48009
29427
16964
83728
70997
22194
93264
82659
32793
25429
69996
41674
40538
57988
838
87526
43720
24610
49921
88571
25723
89973
9892
45593
81000
49748
60486
6420
30125
94080
28268
13447
69478
60988
1948
33002
13261
77023
83135
23373
44981
54586
7639
43699
18011
19269
70220
53991
10006
55174
26003
52778
9537
52382
84778
78133
87783
35125
90236
20404
68539
68812
25427
83937
30682
60203
31250
88717
12015
88967
57469
77384
1417
61532
69355
13673
28084
92349
47733
7543
94677
78654
19341
80593
13724
14554
17176
31190
773
12096
54456
25542
10851
52103
47686
30837
4018
53286
71126
33905
91983
10930
71807
79455
76618
42833
60279
62979
33608
11970
4292
88344
57227
89073
51805
31960
52655
54131
93805
7168
82158
33424
19862
66051
48464
73279
45792
37790
14006
74056
31202
70074
14849
6289
5612
71489
18792
74064
53031
29667
26075
1911
22112
7910
71694
31468
53912
32419
57278
36853
72330
44540
846
12904
68322
13824
14894
54274
27869
70407
14989
14416
6091
6432
61050
52054
59684
10321
69127
55351
30754
29
92761
71529
42640
82659
41927
78393
49610
87079
46093
74132
42412
45093
88624
68046
4771
53363
85833
4610
79740
65747
44088
70908
91450
54823
42860
90369
49794
88578
14882
71368
75756
77731
45622
8118
65895
16921
90309
71180
31293
21127
55152
83452
84272
369
85157
93886
48745
76298
76846
68310
93204
51037
47279
55430
43276
20721
62413
15237
7464
37393
49065
25559
50247
72314
56135
62491
87713
87155
69201
15042
72196
69528
48155
29994
5280
58708
92461
94441
63366
28775
28743
4246
81336
79465
45933
15888
50828
13684
14864
67933
17144
81825
10954
46098
71635
78963
53286
45159
94015
4193
16139
29397
70266
29564
44227
92806
39743
83942
17563
63660
88163
64013
54530
9871
44889
6585
78235
29155
25338
41349
66857
6250
44454
34473
11699
70772
90238
2772
83321
43418
44870
75695
37046
62803
87291
2168
55434
26321
57938
30134
80932
71032
91284
43202
79386
73808
26962
75703
89081
23486
85213
64832
24333
50741
79313
68149
16416
44466
6727
85076
89451
54082
11395
49242
67623
403
48420
72691
28310
6058
46566
66761
50211
77505
29934
24488
22259
59398
40971
54494
9410
57851
93117
3128
64366
2168
54192
68518
63679
1014
16570
86252
23672
18961
52927
61424
10646
1001
70377
59355
43690
60040
47904
7206
40105
14155
48722
39081
89881
63699
60825
79164
36735
38993
25878
2873
11906
69432
84130
12642
20834
91804
58699
49126
3924
91252
68113
46796
36366
42436
33129
38968
3242
31827
64434
75475
63750
1477
15580
67710
82888
70130
59759
77798
93304
77625
21101
39475
83163
29704
88910
4717
9465
21389
1004
22609
79868
46578
29584
11671
4724
64082
11970
64393
32379
54410
83243
53305
61814
5245
37958
80722
70925
18115
81643
59642
23876
44277
77284
40401
63951
94144
73499
35536
24922
10698
81325
57128
6338
74080
52546
57654
1843
31587
55363
90756
78383
51105
22992
26119
1456
20965
34975
32752
20370
72813
32795
3961
3604
26946
88259
27613
1969
3
79804
34088
94279
14446
42615
92082
30276
39744
80015
73552
11681
23280
78849
10068
86380
29099
82800
4049
27321
89934
94085
55599
37429
92791
9262
65009
34020
68608
75016
19704
79445
30481
90693
8617
49332
27449
37824
27140
24405
42599
43319
22925
81532
39450
17442
48680
60837
39101
42408
39815
86732
5088
15324
70674
5193
45040
79352
68108
44755
53664
65303
57012
76272
21817
58411
20275
69747
48194
71636
56882
35353
45024
71117
14801
81264
58120
17836
14064
55150
12239
10699
78330
30150
92495
38472
31887
18346
25883
60988
23748
44994
63555
16052
44855
89844
28733
51781
59603
92614
26345
7977
86784
77956
5799
60769
61881
26390
44384
27238
92683
18747
24864
24721
28066
7267
42185
1225
82036
27612
86368
28787
23261
41332
2122
90641
75968
33047
52935
59400
47401
7269
16075
79633
81349
21474
3603
41532
80809
45430
42124
20682
75719
81392
23910
11141
53798
5266
22022
73321
46430
44060
565
56498
89972
83763
48779
1105
91773
12300
33159
225
27267
6989
54433
66884
91559
56824
24534
17765
77272
3276
32567
46570
11283
58833
80554
30115
90968
26001
55510
54266
69615
22756
38666
64995
86888
86868
39191
72380
15101
48263
592
39446
93914
93150
36470
84895
24405
5848
93794
1067
52500
62955
6286
8576
54964
60899
16500
56119
4701
32013
14540
92201
50019
49930
93658
9995
93940
66502
38065
77912
90802
8380
46676
45868
54718
31952
78780
39662
84714
22904
50515
43897
15350
35900
20366
42218
41208
52601
9491
20915
58071
11045
3551
17792
62572
65313
1715
48150
48741
13543
63641
57907
81121
2783
34441
15822
18670
31886
14976
10953
92945
47995
38931
87556
90543
4830
49907
7878
52691
58182
59225
85940
85762
59107
21280
41841
48138
30957
88454
35504
72614
90968
46182
38905
82802
61989
67794
35865
32046
42481
5180
71539
89730
26781
53592
21892
25363
61079
57100
31756
92483
52561
69262
52547
45183
16527
65148
70283
54652
89554
14335
60479
44611
50353
7111
83103
67417
84224
93508
84794
9084
1745
47306
44127
15955
68035
64351
46692
43903
1804
91179
59901
29956
62331
31788
64277
27316
38651
65576
23016
13979
62229
85193
16392
54941
73697
51631
8137
14174
43046
39401
39739
70881
32205
65891
23735
57603
79415
76812
24403
34733
86956
38319
92787
33505
11321
32263
74121
11581
45753
1140
47695
14857
11848
28996
3479
10216
61812
2055
29683
66170
12618
79445
83419
57449
14358
75605
76420
21678
15495
40408
67758
20564
641
71783
57968
50635
25408
78173
81116
58624
13533
88504
43654
77595
17817
87349
18200
92534
26572
38990
66811
58921
88352
43284
34421
81982
39943
67983
5810
8026
42861
74969
10904
76237
32712
31645
49024
56930
45858
31101
59559
44980
23245
24252
76827
66744
5491
32057
89048
85261
38167
45286
86469
8278
34556
23610
80980
64459
40341
77417
29747
7342
1215
68063
27701
32482
10380
57897
14151
84302
8933
6070
17848
17626
91643
14454
67318
61899
36138
7426
72684
61802
40958
4280
18506
53761
4915
85982
48375
72150
67112
56183
9754
29806
93232
53252
43914
12911
47090
65422
59326
82033
73356
64592
70656
91840
11371
44706
62566
16053
81554
86853
5112
2779
40964
66294
30034
11072
78935
44316
7415
78867
82904
9108
28149
18680
80460
11620
26612
82936
90066
30257
85685
37303
63003
49529
12880
34586
2907
8621
30325
34688
40103
89590
48576
15847
88418
72521
55277
85075
27006
30572
68937
63898
45200
28145
82431
49909
12736
78703
9089
21828
5144
67079
18984
1983
46038
10079
24389
73408
34533
68258
91596
25339
6309
38395
5592
51710
71080
30882
11249
14397
69691
34338
79249
65185
71220
26734
65991
63783
31414
44162
51482
58192
37231
48592
92343
81402
44178
75567
206
74948
14473
76288
5631
69969
14225
60955
75977
2656
44221
84027
48596
78126
36834
59714
52518
3087
74826
78594
68203
79435
65420
51263
88885
51396
77087
78239
37925
45636
67745
38484
68647
73264
7041
2930
84280
24642
62158
82597
13672
33919
30811
91812
84819
77911
4135
24660
37051
48658
91992
49839
10929
91617
45013
30469
38487
24831
17750
50294
40210
30673
58537
58890
81511
4189
29443
63509
84868
25088
84584
44682
66241
45623
43211
26768
43000
92850
30526
22965
8246
63903
83315
84517
10104
59270
14829
24117
33716
54422
37362
6327
40697
90239
2381
35417
8561
81364
72659
67147
40991
59477
50531
33398
27878
64424
27504
63960
43317
25183
24796
43209
34966
92943
26970
85604
61604
28897
26232
61486
92199
50684
78019
16961
53601
28960
14737
69087
41966
16435
4026
19557
22043
25637
33475
53596
39187
58866
15096
19230
86754
42392
89203
88526
9670
86964
89350
85689
75767
45310
86306
59590
33063
27025
85003
14602
62052
77419
41321
28013
5713
56849
56540
20418
86198
52571
57764
36901
12205
91851
69999
11145
3667
41753
19609
53574
70115
80443
70095
87702
79345
11852
31496
51337
57712
27210
66624
75743
89268
68522
87210
85615
31812
29411
56821
58589
67470
8349
73331
56083
42445
88470
6459
62857
86336
22259
609
18222
13778
56571
28244
26088
25034
89211
58244
85326
87165
24978
55070
42445
87418
30516
60630
19088
77224
92540
49828
75278
4711
19950
49611
13096
88701
88594
14154
54560
85925
42807
69919
57121
78482
71061
54662
35743
89868
34636
49884
52831
84487
63433
41063
10884
86376
9353
36659
75493
37512
45949
90254
88061
40799
90876
74935
93166
50355
77698
54008
61591
68225
19908
45800
33296
20798
2400
93425
8861
93104
15825
20243
7946
42523
51808
19945
9886
25998
15578
33252
43695
80363
75650
58366
42311
18675
48511
21101
36004
9664
18734
62995
60712
290
37071
34222
47929
66858
39440
92748
80875
82856
76289
42757
22200
86524
23789
36176
23822
62056
47885
30445
75014
49282
69972
12034
23048
68127
46439
7433
30805
15998
27188
76885
15410
74632
45648
30567
92759
53085
19802
89300
31795
26942
7285
55558
3506
25226
35628
44378
77579
1468
62813
78610
30178
75883
44137
25683
24768
10519
63922
19869
53661
29314
14079
78998
35823
9698
79530
40485
28612
38284
47549
22613
20429
36000
53895
60835
27170
74396
92623
48241
90154
69654
31504
68199
40053
28667
72608
39328
33674
43691
80367
49886
13841
39013
85686
12651
77699
11874
1737
57278
69804
43151
86213
59202
2835
12428
72626
43974
81876
57548
84083
4009
48912
66839
1822
34369
4084
84123
83354
23211
1162
71255
88660
37017
22587
57599
44580
22280
67909
28738
17798
92069
46284
73977
51513
10776
54396
29205
77889
64421
38878
64856
50835
77184
46927
45945
68931
61202
21375
84090
22564
52797
82483
29744
49833
82441
39921
33301
33012
10677
45642
208
40457
75726
91404
90910
24523
40779
88389
8877
11393
55299
88711
29672
80971
17735
91364
81886
72893
19344
52187
88509
6345
48045
38158
34494
4732
69250
84023
44602
67719
50305
16475
38464
30716
8174
13885
21639
70302
73290
16123
44260
74053
2212
45879
77166
41135
20657
18841
20405
58227
88990
89449
28111
21010
5200
85183
34801
29623
33424
73453
59705
70610
51489
24685
37586
81566
55991
27863
86514
70494
90430
85203
64114
47539
47068
30262
24927
65922
83616
57705
67837
2462
27648
77855
87671
14747
51402
13209
40529
45281
29087
34659
89171
10288
53437
45380
78448
65015
6687
56686
4859
71621
63439
71779
65615
90371
75687
20225
52623
33580
31933
32243
25912
28319
69418
36765
47301
66249
43915
91483
39412
59317
89252
79815
91113
31614
14280
23980
32045
81339
91161
42418
74043
21591
48380
78674
84991
8340
86738
87230
53653
27698
32492
70974
5737
13494
4561
11847
11816
14845
15150
24800
77191
8997
7801
22981
57916
22655
86643
39914
23623
52842
92761
32117
55442
11153
65030
91577
32767
90911
78952
25703
87752
18985
7260
67588
64786
4309
92023
48546
55155
31808
9463
12304
75780
20458
83412
19381
54996
31282
8785
1022
52710
21090
40275
86323
571
92585
38201
46992
15391
61511
42844
65859
58671
90680
15954
28969
10913
8233
53842
44497
30970
42189
90772
17462
75561
39780
90776
24677
12976
31239
80200
9985
26260
42071
33371
25185
71582
16313
10008
2152
76693
74892
74812
44857
91326
69857
22829
35028
62310
36225
41109
70914
80594
12825
58735
38808
85220
35342
57441
31659
49361
56135
34525
87639
31671
65549
89286
29160
86809
6086
50336
88878
79675
56573
36403
41994
63592
46372
57686
68852
19870
20535
26180
81639
32948
38489
42053
48654
7127
53197
87531
67027
77626
51348
35147
44233
87856
51292
59718
81083
86391
89730
3532
91060
71819
44597
81678
58188
35509
84735
65685
65146
43553
42406
23635
52825
79359
89758
27405
43679
35129
28046
80698
35489
5965
18487
21648
11785
59921
88168
23185
81646
44022
62798
83053
41823
65866
23232
90551
10770
59467
65154
35734
14060
63035
75889
13079
61744
21354
3691
32520
83909
82592
75991
42099
10003
58461
42769
78449
8968
10830
21328
45530
52642
57523
39700
90119
89713
24298
8411
60660
3212
74624
67178
10956
65439
66498
767
47442
69368
39492
12779
71442
25062
38976
60667
7961
77456
39228
70480
32213
84657
78241
4550
40277
82435
60122
14882
80390
64817
86165
83863
60112
18138
84451
19810
63268
34846
90408
29987
92458
16686
79264
45274
18690
46640
88103
13293
20615
80737
33564
10584
11773
8587
11772
66388
65398
88238
34722
52066
44605
68403
30173
75285
10294
24477
92990
10893
65469
12878
20114
89498
82033
7808
10660
58369
91349
39859
67449
54080
30195
73090
85643
82509
7001
66939
6524
43314
82546
37240
34492
64915
157
54082
61162
75716
92436
37467
3117
73945
38960
67257
76950
65943
43373
37142
77393
91587
69751
36874
79358
26181
3688
83991
70642
41283
87505
5982
77095
80127
91419
1434
25270
13109
13737
65288
14043
50728
2582
60134
53439
225
30089
10645
59204
4044
86210
91498
74286
58899
2067
13881
86775
30727
35435
81847
53087
24898
92912
80056
72149
59693
27975
36360
31175
56196
40054
64414
75420
35590
25726
52923
53757
73764
58571
31037
19964
62526
26882
12678
82206
74611
1270
62470
56794
54927
38702
76093
21069
11181
55150
30841
38890
85457
15849
64455
45462
48344
12540
86238
85089
71661
82482
67828
71
77590
70163
61122
4900
23178
1170
10967
25940
41460
80711
65727
77157
49913
75383
84404
74316
38227
57901
49579
16282
47582
51701
68734
37346
54306
57810
5284
81230
55001
88436
72424
72007
13945
29229
44881
39454
13307
45255
15030
60604
47953
45792
22708
59974
83221
70593
79685
7536
38667
86167
73592
23682
92338
3007
45541
66646
77849
33562
23273
53979
48223
74770
77509
18142
29103
43437
21531
45714
26206
92580
26669
14559
31842
63823
39198
62501
64693
73319
73974
73974
15478
40809
68231
49660
90422
23835
53537
57703
70299
43081
21251
64009
86313
92271
64148
79420
69205
27558
27084
56467
748
6429
50608
59896
55463
32812
21502
47557
69332
27032
163
59404
28121
51186
11660
21664
65117
78142
75115
28020
71329
22
52957
13826
2588
20847
46445
59851
45528
89812
20174
50767
63017
42486
57201
15640
10348
42504
37018
76160
73706
38077
56141
70901
86793
2511
50216
72918
79851
67034
6288
62009
33971
32115
86233
80134
31911
69511
46250
56066
32993
12457
32396
66766
21043
6643
17474
67254
26626
38287
50105
25840
53499
66883
86150
83951
86746
91000
4485
68346
73353
82309
61274
53849
64683
90393
70705
36017
90423
13377
12856
25959
12693
89419
37384
25639
7873
22280
34103
16016
58366
91653
12907
29303
89566
42183
74089
35711
5607
21176
7158
22596
74388
9042
16032
24911
92010
64971
32356
35143
40157
34603
67232
6537
76733
47938
4352
38006
412
70170
59094
56319
20277
20037
80351
57675
74317
72323
37446
63036
49691
65984
58866
13345
77832
32309
77887
56877
59606
25790
82842
8832
13612
79455
22048
36746
78813
2144
2514
91417
13078
26571
78126
41222
32200
84532
19616
41211
43741
45165
54490
85532
48366
82792
24540
60069
78959
2147
88681
47756
40822
75354
75942
45398
59816
88555
50106
62791
72813
78555
73770
50574
61808
47089
33052
38156
53689
9385
48773
46547
75740
20368
86121
70584
67249
23319
58185
83916
79147
15374
71783
74554
60842
72914
199
67658
84610
16546
18790
13859
70203
21111
50730
52095
28829
90335
54149
89134
33036
54626
32828
44648
18042
46600
30270
38717
15865
71462
3326
62362
45570
89196
42757
35667
68702
81339
82966
9484
15226
54201
56444
72868
55179
12730
85713
80956
18499
15833
81423
75114
61066
49124
56081
11217
5039
2890
9989
60946
50452
85181
47472
48629
21584
86799
8635
12821
36550
78657
73419
79258
3254
79578
70800
70131
76663
218
86046
38175
13884
68804
60070
20685
48411
31226
10920
60601
52348
2432
25245
66872
31562
58339
867
68540
48329
79949
36763
8820
37405
6559
89642
41969
38543
55483
39276
2263
33527
83163
27865
57724
82904
71106
64883
54432
75011
55526
60282
22356
39670
44744
11351
42778
91126
32801
7377
36771
47808
81497
9490
81271
75649
64618
63337
75035
19561
82334
79069
38767
17647
47086
75405
78734
76245
58217
36520
61008
23388
63273
75078
58609
24064
86749
90973
29128
91641
60962
26621
21878
52819
999
72492
78654
91235
29098
2844
41878
31872
55361
3866
60850
53736
56547
72842
80049
68176
65148
41675
90224
32241
74762
78103
75872
28252
28859
84666
72909
34362
45272
77968
54071
87899
77260
24756
80286
53386
53950
78095
55996
12070
77063
89364
30117
56780
43370
19481
10389
10931
64015
15776
30739
27812
11910
17806
74476
58609
24790
8103
50444
77924
60357
77921
88780
63343
85914
80576
31994
84519
62751
42894
80869
27660
52676
62221
3871
63524
84878
29558
53489
42689
51382
34074
46364
83603
75565
21360
12352
53771
45274
7232
53076
34878
82857
17575
7339
65441
42535
57351
63247
56545
37160
76348
53455
4862
42189
17705
25094
59746
65076
38654
60231
31124
27893
43614
29525
85974
13203
65701
12820
55091
49051
40879
20058
69707
55625
29416
33081
6540
27590
39443
4638
73121
90615
8941
50510
89166
42308
15385
13275
44445
252
24455
81181
29544
26960
15379
78541
73437
46287
16641
9293
38192
73734
51916
53376
82025
69501
92179
75166
32655
16139
11220
34905
62953
5786
77948
45992
22263
11887
13814
70615
44932
87237
8787
9355
91921
90492
38169
13861
271
58829
38743
20536
29164
16134
53963
78155
65961
29257
22372
72392
76302
24458
79361
45397
75447
6205
40991
30068
10453
14737
85414
35290
15220
1988
85598
49289
87450
35628
31374
81609
41175
5303
86303
22535
23382
89598
20185
89798
25628
13688
87544
4237
18643
4279
83368
15793
64110
7445
63999
73577
39358
35094
49012
44975
58458
61028
79905
9343
50133
21363
41536
26412
59054
2223
28666
39078
24394
6733
64995
65702
71988
25875
56961
53801
84401
81927
25630
10970
31705
21874
14324
83786
84793
24994
76803
13860
42472
43046
75971
39099
60942
87943
5314
60635
49297
9530
59448
50019
12749
50708
64658
39360
90352
32861
66121
79121
70320
67916
45981
78625
18319
30816
84860
65613
51019
19017
28532
13319
44699
4190
74255
49420
44371
91036
4346
40529
20052
25747
2693
43226
69971
3496
73182
9771
2552
29731
7676
79335
8159
25564
41379
91198
27549
65830
63601
88503
31787
82239
19092
25099
14773
50228
75947
44130
17990
7716
16010
89897
2264
16827
69448
55626
67541
70366
18893
39717
39870
31853
9477
90187
90258
19562
35373
60618
54871
73713
86033
12660
85264
27905
91223
7473
59188
47811
49896
69597
10230
30516
45979
18748
1703
32362
8941
9467
87206
62128
75631
9395
38059
46655
62152
66261
86267
26410
57644
45605
27140
34484
4374
46810
26618
91762
86095
31913
50775
10555
26493
45716
63214
2353
81938
85785
19014
69955
23150
66093
50769
77340
51203
69460
78951
78816
75552
49151
7689
51504
51470
40501
2723
30812
40765
78185
82328
65230
28389
81288
44439
39530
59807
7636
9094
68510
67201
65260
70852
67519
46938
7604
37666
429
91679
84265
10934
58077
91142
67264
40754
56465
27160
12290
55847
79129
12141
77813
39125
15033
49459
20117
8219
14170
10566
58427
82794
71743
11815
68060
36003
23110
48949
22513
29849
199
34167
67363
88369
83661
20138
18986
34030
82015
22453
27220
74387
22555
14550
75715
87931
29935
7584
66907
9471
82640
91573
70516
26338
25016
53438
73968
85428
69415
16281
8698
62343
16182
35363
25870
28871
80693
89931
48675
82674
73904
12879
36046
87415
75865
3594
64339
29944
71036
11978
11473
38752
78195
28676
83171
80361
48797
23531
29503
72078
6303
28841
37229
73782
77183
75271
38233
25397
45573
40137
20303
33044
19703
31333
69286
63595
4924
1446
58254
61788
17637
47216
32644
79380
46440
49543
70578
48080
17299
9093
9980
31831
65110
90815
65086
9791
78356
28926
11429
49392
78492
54890
23802
89986
13928
7668
89341
80196
55851
82167
89403
2466
7660
67890
81926
66953
61287
36380
56688
81600
89804
85662
4389
87583
55519
31450
31913
24770
947
52392
62301
80387
69155
21397
337
68343
74615
10224
80380
81876
10431
6232
22443
71608
34671
51792
42512
36654
25443
43949
24205
77767
8318
23938
39731
22954
60839
69255
76994
20775
73583
87122
78446
89278
39638
27397
76610
72991
9752
88967
55617
82850
78288
68421
68074
11005
74257
26536
16348
74767
56365
7045
75400
76418
88444
48393
8211
50081
45201
25965
41927
63067
77964
60960
63348
35609
41788
63567
82655
55503
32384
22672
34179
11918
69813
64861
44705
19707
2790
4790
36300
72025
4297
65503
45300
77943
13066
87419
58452
38312
62427
91591
45071
52914
84222
69317
89450
50171
87158
87619
69902
21467
91041
51269
34573
42769
78839
60565
44676
5597
78531
88212
41020
27208
28150
46867
41704
80172
45564
146
21551
597
61954
39735
36508
42278
37074
63183
239
49886
32180
27571
5665
3197
79633
46893
17308
16391
78922
89408
87356
69575
22138
66810
48294
17188
26898
41629
23193
86295
45623
68676
61870
89429
17329
39336
42990
6929
29434
64777
1502
76658
46505
34427
70882
41978
20195
42005
77595
52749
55074
45436
11360
31882
51625
81084
13991
42488
57730
82677
21803
48372
12301
4147
15132
27347
61318
24537
89028
45757
32748
36707
76706
13030
49722
42435
78142
34790
7595
12463
68489
20414
69138
25684
1084
39080
11459
27452
44901
44236
25264
33374
7201
30537
65060
56280
74886
42368
91594
57052
19128
63906
56899
65258
21349
33347
64887
56028
25949
31792
41214
84881
38803
24760
4562
22980
28163
84223
12524
63324
28054
17884
78772
61047
12431
58155
19711
15706
3237
18804
21697
53527
58101
78429
9515
45747
37282
59626
56583
802
80369
59203
31694
21439
67417
64490
35208
1516
48540
80966
39360
15706
31668
3212
64770
71342
28149
25884
53346
33038
13146
45406
18330
35625
35478
72391
67072
89983
22803
39635
29143
78361
48804
73832
56593
66205
14618
3605
14278
12137
39403
91435
12019
56486
7182
62846
87737
42532
37985
38063
39473
25855
3593
5278
84110
90147
11205
17943
90822
61558
33388
24114
26691
9547
31240
5819
56633
64832
78881
72507
78616
17227
26734
11639
39577
44127
9522
43457
50150
21550
37590
5861
64384
61008
50927
44703
41176
11338
75182
315
53138
49591
25717
16276
84518
75533
26892
52274
57724
81202
8541
72413
78336
62937
36986
33800
85799
3275
37877
43077
51229
71844
6976
36136
71252
41641
15723
50883
34973
74933
25612
80854
29687
11127
7764
43323
41685
32917
63474
62393
77709
45564
33703
81272
4696
42760
1780
21040
60584
46544
80352
56517
79101
18800
72377
61878
51055
60868
54124
54604
39377
43169
44069
32137
25096
8810
68830
22202
74688
35879
74412
53912
55200
30961
10295
56245
50188
21857
2828
73406
4607
17095
5400
56421
73951
36814
9515
22636
49943
51598
3511
69649
19103
24829
88915
18102
42435
2883
5785
9100
37026
40325
37498
70854
7818
59216
62634
13496
27373
40373
68353
43087
57706
54658
76411
53943
63163
53393
82580
41190
45775
4489
12345
37542
62905
67987
73600
43762
76771
74321
7356
86303
63868
6703
48356
1689
37341
20024
6307
31155
42555
40051
40327
46202
89373
33088
56498
24229
59172
27916
16142
32051
21067
21296
65207
46235
29540
60768
31784
67501
54693
70020
85076
38517
18757
75482
20036
47207
31727
60595
44432
38224
9266
35282
21737
32219
33226
68197
64393
89800
61963
44897
23111
68686
17871
64666
13021
13597
16935
28155
86003
1265
16499
49417
28235
6878
16071
47120
77495
10856
15891
70463
88416
15363
72377
84484
65499
36401
28190
52348
74984
72756
35899
32411
56144
85307
74176
25933
59250
74086
41332
80484
25278
33269
63827
52710
27386
65793
62312
51135
62957
84688
21245
79411
90897
28755
20609
67739
66632
60882
78718
20417
68340
66452
71646
7155
36547
58911
43808
8700
21397
37128
21176
76910
5867
5530
76263
84588
64847
13310
55332
84615
2222
40524
68449
13383
13342
80234
2362
56479
70885
39438
51053
5392
76140
2413
46317
61792
18292
19834
49893
15621
24972
16198
41042
35618
69645
86406
3061
63954
56310
41757
5700
9478
68391
51027
60243
28758
13643
1954
74815
66022
68862
74413
25807
27755
224
41442
89235
18238
37486
15139
36226
12285
89058
14819
44663
16430
83183
42527
40112
35585
22122
37027
38932
84128
44671
91051
13288
59195
25885
72974
70761
16144
65381
53649
72160
81589
32141
47563
51838
26213
11199
75449
25643
40915
74258
41104
73851
21355
63142
1813
74116
78750
28056
13895
58080
106
39878
47195
66066
9961
463
73202
2039
55101
13089
19813
80500
77960
51012
47299
84083
67644
25568
69692
12100
83389
11913
44962
32501
73263
21364
85982
52334
24121
90740
6804
68399
39617
87673
48987
84295
46463
13767
1261
18835
74620
78870
29355
66280
77330
37600
70057
4173
90020
15032
39346
21393
62550
21376
25462
25602
75987
8953
53021
7208
66412
66399
10846
88902
27768
76244
89322
84218
41552
87010
25278
6102
64997
77756
20859
5942
3580
382
46034
43094
79820
82667
2867
79815
15808
53408
51996
30646
29894
12176
11190
7296
16144
24874
56951
81892
57542
49151
41936
83743
53866
60789
59784
19383
71802
59921
33928
50316
36144
8319
27570
74611
20436
54107
7437
87545
68267
82912
64337
6508
60791
36004
77536
19697
31473
37604
89288
77922
76727
71469
31427
51722
58464
73769
81559
20
82976
35279
48814
74373
75843
54255
50267
57855
2339
25803
23646
26458
39910
88404
90294
23849
221
34612
68717
42031
78708
71806
13309
52264
86256
22178
33213
31888
41384
49407
69167
28986
68558
45610
87958
14669
67659
66131
80275
89980
54036
63761
8918
86784
77523
6643
21651
4917
3505
57511
42570
678
3563
65351
36885
42293
86940
40529
53745
56067
15686
22039
38145
37948
7150
3788
22654
60232
33793
3988
14141
56491
78953
17961
46507
73135
21668
62300
38922
11375
71353
52953
30233
2458
44396
55297
87744
33078
67291
59147
28099
35257
42357
2816
40207
82751
47197
12768
39900
66355
5401
88235
83018
65935
8725
56459
9455
68521
48122
76792
24829
82472
15211
56827
42007
2552
11791
82461
56058
85479
42524
74578
35469
29733
29414
12153
15048
35607
64789
77264
29265
10560
13241
11369
7984
33613
15292
64923
74177
8931
31335
84242
27041
29260
75577
36241
77642
75834
57231
22478
4682
7260
70614
16154
21301
46651
55534
8271
28962
89988
26437
80458
82026
63589
15446
56396
18733
80581
40889
86227
7079
12658
59537
47630
57925
18470
82633
55653
70689
57142
13764
57439
13633
58596
22046
55576
4218
73519
73088
88983
79800
10781
39818
9093
52746
36901
78294
74641
55972
83842
43351
54912
29005
20313
72728
86473
88028
58359
28979
81078
23910
21679
36890
48915
76988
85395
78059
7566
28100
88757
77580
38926
13145
21547
82
24336
34587
77332
6449
18627
2928
14549
89560
2922
20839
21339
57089
32216
53508
75654
40
38434
75440
60441
75253
52094
40477
41939
1275
842
54316
74466
24369
52327
25072
36841
19660
51413
44614
7070
12199
51615
67702
56278
60454
46197
68750
25247
15373
68796
56256
46897
50380
8641
79045
5600
8101
31417
28146
43626
18507
35182
37539
80712
73688
11978
83605
30972
12914
46765
71246
41559
43158
59894
28828
16084
15023
11825
60456
63574
83889
45146
83255
16386
73204
10653
70955
19705
87929
2696
33138
2928
10086
75692
17935
62877
37996
6508
29597
6196
21005
16530
2682
18275
76326
80810
88105
16928
67223
53970
34411
86981
1867
23182
46534
549
15210
37216
43255
69406
26907
17763
67392
40479
10962
48408
56386
76052
25199
13886
82221
21624
53759
68228
2320
25487
18881
1864
21600
48274
34353
4267
76505
43729
57388
51761
44461
12787
17211
43522
79997
1893
1009
70260
21512
83265
30882
61229
74986
59329
78999
4720
12130
59105
5192
80678
22257
23110
48556
10880
62141
29301
43741
77768
41522
43596
30556
25808
64464
67384
32262
15025
79081
2609
3899
80271
15414
50618
21254
49097
78512
53817
88484
47215
24554
29127
90194
13432
9536
75204
66544
43972
16707
15322
67283
40645
43990
58060
8606
59914
19060
17468
79858
56892
29856
66942
5692
74833
23841
30844
30492
80948
24133
83214
18057
6553
73439
6737
7717
36556
4185
66645
73140
90098
35697
86757
18447
11844
28968
36644
4418
32148
31574
50790
32150
57127
78354
78064
72879
48522
28554
19105
17063
80618
19212
69974
33195
23370
36213
87420
83634
4896
46938
49501
10691
71522
38359
33337
22064
81691
11495
34888
28338
67546
1987
45603
27705
45876
72998
53171
50769
4915
17099
57793
8049
42447
14319
39267
74833
61221
81143
23488
89683
15896
34835
20232
66096
23017
82863
71903
4724
85494
49813
9533
26525
36713
55818
45038
4843
55295
60681
29068
29582
85099
34840
35526
33656
26866
71624
61771
34805
62845
42906
3744
39264
45596
86554
29427
76482
31559
5830
83351
76428
43964
77485
9605
29834
31611
81717
39500
53714
59402
89878
83733
22202
16002
81125
24805
15160
67875
83097
79841
8228
15912
59183
72633
27178
24302
16560
85601
5194
80785
60369
8984
52107
63623
81120
25430
31504
42382
41297
5937
17325
70022
74642
9628
49929
71593
68243
1417
77695
74676
82436
12025
28734
3801
32560
46899
68251
50521
63913
53622
23061
44936
59015
67623
48908
1839
11550
6163
31854
69468
19566
15061
26444
57381
40776
34980
77259
28079
33366
18428
35490
68145
29525
87240
83042
37971
82568
50433
19771
65889
45373
18654
20033
20226
58185
14732
88660
53654
47765
33823
52019
6319
40186
72803
56939
42643
19637
45889
86598
47071
23792
13383
75639
55006
48634
25152
84051
42509
52449
51000
19813
8276
76788
32125
19521
85404
81703
54242
11363
7542
66514
58401
47804
67768
14695
38419
69882
37402
6774
41591
900
83430
41342
2390
17437
37597
52849
63287
29973
81988
69196
25140
72928
72634
21087
35591
3873
74961
6387
42474
23370
22890
32074
75274
61543
89433
46419
47131
32536
39124
60110
523
68368
89883
13305
68648
30914
76699
2192
18432
49180
7707
15851
61432
48886
78612
44033
77777
6879
47522
86627
70443
61779
63442
15627
29343
29523
53237
39870
43305
13011
57674
34261
33527
32039
86395
9828
58742
51521
76362
85110
25039
58726
82676
86644
13021
77334
57228
88924
74789
10841
37562
19739
15786
23604
70786
36542
39541
75864
46195
44602
70054
33560
56146
2045
30401
51749
27500
27106
76487
81623
44366
74916
52952
75156
10254
27528
51342
48328
2042
61235
23177
3427
13260
21412
71919
53700
85712
20395
90111
22298
79471
72732
81745
72760
55188
19810
12860
12354
47171
53031
67177
49966
19406
30770
75023
40768
27152
76344
71785
37125
71990
7726
78608
640
66239
61147
51154
23962
70180
2447
89008
22402
84446
30409
30967
8829
78206
65538
43188
69286
57987
7671
7197
10156
71511
50772
41065
43404
26141
62409
54295
72822
69284
87508
7718
47767
89807
75268
56122
10323
19047
86695
40110
803
70740
16441
76452
79791
84416
10054
65757
3556
38758
52321
20970
43249
84495
80672
84632
89498
89702
58963
43375
43521
38643
72227
6039
3251
67715
51441
41792
59926
35999
15958
50285
57399
29595
33372
7603
14482
21837
12852
84676
30235
22779
39648
4930
5726
71161
55861
73554
81483
8790
69167
80951
44928
33191
41197
26784
67207
89302
32505
38287
14411
23955
16629
19807
3829
60503
57807
11617
83644
63707
6470
86403
27932
58596
34014
76730
50675
22233
82570
46538
66835
30755
49520
3188
29864
62781
65134
81427
87797
69031
7063
75524
51670
18776
84242
5049
