2500
4200
3900
3700
5200
4500
3600
3800
3800
3900
3800
3900
3700
3900
3600
3600
3800
4000
3700
4000
4000
3800
4000
3900
3800
3900
4100
3900
3700
3500
3700
3800
3600
3600
3700
3600
4100
3800
3500
3800
3700
3700
3700
3500
3500
32600
3900
3800
4500
4400
4400
4300
4000
3800
3600
3700
3600
3600
3400
4000
3700
3900
3700
3800
3900
3900
3800
3600
3800
3900
3500
3500
4000
3800
3700
3600
3500
3800
3600
3500
3600
3500
3400
3600
3400
3600
3800
3700
3700
3700
3800
3900
5300
3800
3500
3600
3900
3400
3500
3700
