345
8966
1300
239
6723
9786
2256
1391
6843
3706
7280
1884
9203
7905
4080
9963
2979
2591
8177
9484
8505
6335
2075
3811
4428
4946
2579
4962
2936
8409
5155
2483
8827
4123
8537
4564
4191
5931
1540
4334
4270
9446
341
2182
5436
5018
1253
2993
1252
7551
2644
4484
8416
9011
890
7502
1454
843
5632
3898
5125
3215
2762
3436
4935
4564
8957
6983
5502
3795
8926
3273
6591
228
3086
4080
8566
696
2507
4682
2749
580
2279
708
7335
4878
742
1399
3836
1566
211
9396
9395
2736
4758
2610
5039
8420
8760
7569
4485
7798
7721
902
3562
8500
4433
9558
7809
1471
2076
2089
5540
3750
9298
4361
438
7233
7321
8492
1696
6006
9569
3739
4458
3891
504
1719
3759
6336
2348
7058
5894
9173
7931
2207
3392
3311
5249
812
1144
6809
8131
5698
2751
1856
6206
8951
8182
3946
4349
4991
7314
4801
8038
344
9274
4463
5189
6353
1958
6387
4812
5001
6355
6920
8421
6170
7264
5204
1345
201
2963
4954
2163
7114
103
2234
8984
385
335
4307
6128
1926
4527
8992
2518
2330
4137
9577
7415
4371
6049
938
8949
1008
1647
431
7163
530
6730
6788
5922
2010
2475
9256
2682
3827
1599
3742
5104
8404
910
2619
7361
5661
8321
4113
497
3630
7817
4105
3614
5681
8775
6795
8307
1988
3351
9091
1111
140
2749
6366
4335
9030
9046
6068
2617
6163
9473
4305
627
2295
5729
8769
4434
9294
3688
4092
1939
8224
3516
5278
7539
7887
4361
7491
6689
4196
5903
8762
1632
6690
222
3263
9483
4758
243
7166
6968
2684
2613
6723
4687
3948
6872
3723
5796
3262
6022
4089
28
816
8511
2740
2393
8993
6117
9189
3174
338
583
7597
9661
1001
7059
1941
4674
4450
1727
7584
3477
5124
4674
6283
1201
6824
52
2450
477
1394
9479
4122
4196
281
8086
5961
6106
700
1330
863
7027
446
2762
2502
4659
550
6001
1501
7176
2366
2199
5876
7938
6910
5898
7551
5198
1646
1914
818
1323
6685
3941
8954
7508
4860
2401
7199
1103
6834
3258
8734
2819
6110
7898
6155
5078
9556
6327
8570
3348
653
6934
8238
7819
5887
3396
6094
4375
1864
5443
1731
4703
5770
3238
9045
5061
4836
1743
572
451
3129
3942
5004
8934
3920
7821
7812
5548
2559
4181
7007
3311
7900
761
5263
3943
4761
5942
2753
9482
8975
7218
4019
5206
784
2309
1504
7872
1166
8514
2471
7540
6068
8462
2831
9192
6448
2988
1264
6252
467
255
421
3961
4310
2919
8727
359
1314
4204
4314
6666
7286
2979
6797
903
3712
653
8188
682
4126
7438
5348
5790
5943
5217
240
5980
6764
2298
1789
6363
3340
7532
856
3009
9028
827
8780
5505
1132
1051
6042
6426
7282
9144
8443
2225
1431
4809
5968
6324
5871
3034
5095
49
4247
5327
3490
1592
3997
869
1448
8959
6167
7613
81
1096
4802
1673
2302
644
7085
7442
7414
5293
3839
4224
6495
4979
322
1573
7739
1140
8482
5403
644
6196
4758
8905
1881
3356
3190
5129
5471
3457
6342
3683
5465
7396
1691
2292
1205
7450
8088
6747
533
2948
4277
4077
8789
9335
9371
2331
7339
6867
2455
7296
4150
1996
8602
8683
5881
1368
441
9192
6840
8812
7279
3319
4885
3959
7348
7500
5106
3837
8577
5861
4048
3011
3927
1128
9239
9403
3968
8274
4191
3948
8201
5708
5877
4027
3429
142
5406
8133
3059
6254
4716
6830
6373
7363
2766
7219
9165
2462
8793
8562
4541
956
4476
1443
2598
4189
3108
2904
1540
7287
6226
664
7594
1759
882
6598
7581
8470
2193
4178
2304
3739
2103
2368
2316
434
926
8657
4205
424
384
9368
2238
3473
5606
1290
425
5500
6992
7708
1555
9014
5193
6800
7311
6633
7098
3670
4965
807
5139
6003
7991
801
7973
7414
6928
8322
2428
8156
2005
6912
619
6081
7034
7183
8632
5896
7401
441
8953
4813
3746
7157
5061
8776
2183
4092
4867
3107
1122
1644
4460
8610
2249
934
184
7781
1510
7686
2737
8897
7425
5296
8934
2969
2852
2152
4009
715
66
2394
4895
1091
371
127
3567
5688
356
2835
2347
492
4806
8240
5014
5729
1574
4453
8444
445
2832
3707
7314
4570
8356
8858
575
4901
5679
7550
1590
6970
8691
2564
24
9090
7364
8643
8917
2314
6538
8136
8059
4070
5735
6788
6811
8544
5957
2870
7431
5409
8828
3457
3112
1977
247
1726
8448
8536
5170
3233
7565
3731
7445
8529
6798
3830
3207
1888
234
6275
4711
54
6181
2389
4039
2900
7372
5961
1607
7311
1961
3418
5949
1153
5745
6474
7154
3784
342
6995
7230
9109
1779
6756
8708
3344
5868
4168
1570
8704
7807
7409
1237
425
877
7233
8428
710
6186
7978
4495
8170
1293
6272
8111
2328
7500
3031
7880
6983
5731
57
2984
1191
8012
1578
9019
8178
7738
3535
6544
6662
2008
4440
4544
8289
8511
7119
361
8738
4933
4316
9102
4249
8593
7032
9118
1268
3567
3033
8730
6013
3579
5981
7365
8312
3774
3849
135
1424
9042
2022
2982
7895
2417
5413
6489
667
3159
1907
2770
6270
6873
4085
7600
4843
131
5396
6614
9005
38
6888
8532
3254
6345
7979
7752
1250
1421
864
6796
636
4590
3413
846
3421
3343
8761
3152
8966
4673
7950
5948
5634
671
4478
2789
4617
129
3136
3476
1265
7419
8539
4097
1279
8521
5957
5348
6499
8743
1588
45
7983
3814
990
1478
2405
568
6793
5373
6837
5388
6584
3113
6044
7689
6676
6804
5776
8287
8755
5602
9062
6496
608
1418
55
7993
3254
3120
3844
6655
3216
5283
171
2135
6924
5472
2476
2373
3752
7951
6830
5132
7117
7615
3264
284
43
2174
3206
7798
8684
3782
5743
8012
302
7407
144
4371
6718
4605
976
29
6396
2614
1214
1025
3772
3810
2418
4923
3021
7487
5843
7371
3105
4096
7611
7353
8788
2862
7402
4698
2452
323
