2100
2800
3300
3100
3100
17100
2800
2800
2800
2800
3000
2600
2700
2700
2700
2900
2800
2500
2800
2500
2900
2700
3100
2700
11300
2900
20100
2300
2300
2500
2500
2500
2500
2400
2600
2500
2400
2600
2400
13300
14500
1900
2100
1600
2000
1800
1700
1500
1500
1400
1800
1600
1500
1700
1500
1600
1800
1900
1700
1700
1600
1500
1500
1500
1600
1600
1500
1700
1600
1700
1800
1700
1600
1700
1900
1800
1600
1600
1600
1700
1600
1700
1800
1700
1600
1500
1600
1600
1900
1600
1600
1400
1900
1600
1600
1400
1500
1900
1600
1900
1800
2400
1700
2000
1600
1600
1600
1500
1900
1700
2300
1800
1700
1700
1700
2300
2000
2100
2000
2100
2100
2100
1900
1800
1800
2000
1900
1800
1700
1800
2000
1700
1800
2000
2100
1700
1800
1900
1800
2200
1900
2100
1700
1900
2000
1700
2100
2000
2700
1900
1700
1800
1800
2000
1700
1500
1500
1800
1700
1800
1600
1600
1700
1500
1600
1400
1500
1800
1800
1900
1700
1600
1600
1600
1600
1800
1500
1500
1600
1700
1600
1600
1600
1700
1700
1700
1600
1600
1500
1500
1600
1400
1400
1500
1500
1600
1500
1700
1600
1700
1600
1700
1700
1600
1800
1700
1600
1900
1500
2000
2000
1500
1400
1500
1900
1700
1700
1700
1400
1600
1700
1700
1800
1500
1600
1700
1800
1600
1600
1700
1600
1500
1400
2400
2200
2100
1900
2100
1800
2000
1800
1800
1900
1800
1800
1900
1700
2600
1800
1800
1900
1800
1900
1600
1600
1800
2200
1900
1800
1500
1500
2000
1700
1700
1600
1500
1400
2200
1900
2300
1800
1900
2000
2000
1900
1900
1600
1800
2600
1900
2000
1900
2100
1600
1900
1600
1800
1900
1900
1700
1500
1900
1800
1900
1700
1700
1800
1500
1400
1400
1600
1900
1400
2500
1800
1500
1500
1400
1600
1700
1700
2100
1400
1800
2200
1600
1500
1600
1800
2000
1500
1400
1600
2100
1500
1500
1800
1700
1900
1700
1500
1500
1900
2000
2000
1700
1900
1700
1700
1700
1900
1700
1600
1800
1700
1700
1500
1700
1800
1500
1600
1500
1800
1900
2000
1400
1600
1500
2200
1500
1600
2300
1500
1800
1500
1500
2200
1600
1600
1500
1700
1700
1700
5200
1600
1600
1700
2200
1600
1600
1700
2100
1800
2000
1800
2000
1400
1900
2000
1500
1700
1700
1800
1600
1500
1900
1500
1400
1800
1500
1700
2600
1500
1500
2000
1900
1500
1600
1500
1500
1700
1600
1600
1500
1500
1800
1500
1400
1500
4900
1400
1600
1600
1800
1800
1500
1500
1600
1700
1800
1700
1500
1400
1600
2000
1600
2000
1600
2000
1900
1600
1600
2100
1500
1500
1400
1600
1500
1400
1500
2000
1900
1800
1700
2000
1900
1900
1900
1900
1800
1800
1700
1700
1600
1800
1700
1700
1900
1900
2200
1700
2200
2000
3400
1800
1800
1800
2400
1900
2000
1500
1600
1600
1700
1800
1600
1600
1600
2000
1600
1500
1400
1600
1700
1800
1600
1600
1800
1500
1400
1400
1700
2000
2100
1600
1800
1500
1500
1600
1600
1500
1600
1600
1500
1500
1500
1600
1500
1900
1600
1500
1400
1500
1800
1400
1600
1600
1400
1600
1600
1400
1600
1700
1600
1500
1600
1400
1600
1900
1600
1600
1600
1600
1500
1500
1700
2700
1700
1500
1400
1700
2100
1700
1600
1500
1700
1400
1500
1500
1900
1900
1700
1600
1500
1500
1500
1400
1400
1600
1600
1700
1600
1700
1500
1400
1500
1400
1500
1600
1600
1600
1400
1300
1700
1700
1500
2600
1500
1900
1700
1700
1600
1500
1500
1600
1600
1500
1700
1600
1700
1700
1500
1800
1600
1400
1500
1700
1500
1500
1600
1700
1500
1500
1900
2400
1600
1500
1500
1600
1500
1600
1500
1700
1400
1500
1700
1900
1900
1900
1600
1900
1700
1600
1700
1900
1500
1500
1500
1500
1500
1600
1600
1600
1400
1500
1500
1500
1700
1700
1800
1600
1600
1700
1600
1600
1500
8400
1500
1500
1600
1600
1600
1700
1600
1400
1400
2200
1500
2600
2200
2100
1800
1800
2000
1900
1600
2000
1600
1900
1800
1700
1800
1900
1700
2000
1700
1500
1700
1600
1400
1800
1500
2000
1600
1800
1600
1800
1400
1700
1400
1400
1700
1500
1400
1500
1400
1700
1800
2000
1600
1800
1500
2200
2400
1600
1700
1500
2600
1900
1900
1500
1500
1500
1400
1600
1800
1400
1800
1500
1400
1900
1500
1600
1400
1500
1500
1800
1600
1800
1400
1500
1600
1400
1400
1600
1400
2000
1300
1600
1400
1800
1700
1500
1500
1600
1700
1500
1800
1700
1600
1700
1400
1400
1500
1600
1400
1600
1600
2000
1600
1400
1500
1500
1400
1400
1700
1400
1500
1500
1600
1500
1800
1800
1800
1400
1700
1600
1500
1500
1700
1600
1700
1600
1800
1500
1500
1900
1500
1600
1500
1500
1500
1500
1900
1400
1400
1600
1500
1400
1400
1900
1400
1800
1500
1500
1800
1600
1500
1700
1500
1700
1400
1700
1400
1500
1300
1500
1900
1500
1500
2000
1400
1400
1600
2000
1600
2200
2100
2400
1500
1500
1500
1800
1800
1800
1600
1700
2500
1400
2200
1600
1700
1500
1700
2200
1500
1700
1500
1900
1700
1400
1500
1800
1500
1500
1600
1600
1700
1600
1400
1500
1900
1500
1500
2000
1600
1500
1900
1500
1400
1500
1400
1700
1500
1400
1500
2900
1900
1500
2100
1700
1800
1500
1500
1300
1400
1600
1500
2700
1500
1700
1600
1400
1500
1600
1700
1500
1500
1400
1600
1500
1500
1600
1600
1900
1800
1800
1500
1500
2100
1700
1800
1900
1600
2000
1900
1900
2300
1900
1500
2000
1800
1900
1600
1600
1800
1800
1700
1600
1600
1700
1600
1900
2000
1700
1400
1600
1500
1500
1800
1400
1900
1400
1400
1700
1600
2100
1500
1500
1600
1700
2000
1500
1500
1800
1600
1700
1400
1400
1400
1700
1600
1400
1500
1400
1500
1700
2100
5700
1700
1600
1500
1700
1500
1900
1600
1500
1700
1500
1500
1400
2000
1600
1900
1700
1500
1500
2100
1500
1800
