9300
4300
7400
8400
5300
4300
6900
7400
5200
8600
5000
7100
5700
4900
8700
4600
7200
7100
5200
4200
4600
5500
7400
6400
6100
5900
6800
6100
6700
4500
5600
6600
4400
6000
4400
5700
5900
5300
7100
7200
6200
4500
8100
10000
5900
5900
7400
6700
7200
4600
15200
5800
4400
4400
7200
4800
7100
7200
5300
6300
5600
6400
9800
10000
6000
5900
4100
5700
5800
6500
4300
6600
5400
8500
6900
6200
4500
7600
6800
6200
6900
7700
7000
7700
5000
6100
7600
7000
6400
10200
7300
3800
3900
6600
5700
6600
5600
4200
4100
4500
5700
4400
4400
7100
5900
4000
5600
4600
4800
7600
7200
6900
5700
6200
3900
6900
8600
5200
4900
4600
7700
9700
4200
6400
5900
6300
7400
6900
6100
5100
6600
5000
5500
3900
4600
8000
6500
40300
20300
6600
3700
2500
2500
2800
3600
3800
2800
2200
2300
3100
3100
3200
2400
2800
2700
3900
2300
3200
2900
2700
3500
2700
3000
3000
2600
2600
2500
2600
2600
2700
3500
5900
3200
2900
3200
2600
3500
3000
2100
3400
3300
2900
2700
3200
2900
2300
3200
3100
2800
2000
2300
2600
2700
3400
2400
3200
3100
3300
2600
3300
2500
2300
2700
4700
3300
2400
3400
3200
3500
3100
4200
2300
3500
3300
2600
2800
3400
3000
3700
3000
5000
3200
3300
2800
2200
2600
2500
3200
3000
2400
3400
3700
3100
2800
2800
2300
2200
2700
2900
2600
2200
2700
3200
3000
2700
2200
3000
2200
3100
3100
3400
2400
3000
2900
2400
2600
2800
2300
2600
2800
2700
2200
3300
2500
3600
3100
2100
2700
3500
2500
2600
3300
2900
2600
2700
3100
2600
2900
2800
3000
2800
2800
4100
3400
2000
2900
3000
2300
2400
2000
2800
3300
3200
2300
1900
3100
2400
3200
2700
2800
3200
2100
2800
2500
2700
2400
3200
2400
3200
3600
3700
3500
2200
3000
2900
3600
2600
2700
2700
3500
3400
3500
2600
3600
3100
3100
2800
3300
2800
3500
2600
3200
3400
2700
2300
2700
2700
2400
2600
3500
3200
3900
3200
2600
2800
2300
2300
3000
3300
2500
3500
2500
3100
2300
3100
2700
2300
2500
2700
2000
2600
2200
3100
3600
2500
2100
2200
2700
3000
2500
2700
3300
2700
3100
2700
2600
2800
2100
2500
2500
3200
3200
3400
3000
2800
2700
2000
2900
2300
2400
2700
2900
2700
2400
2800
2100
3200
2400
2800
2800
2500
3400
2300
2200
2400
3100
2800
5200
3300
3400
3500
3400
2400
3000
2300
2600
2300
3200
2000
2600
2900
3300
2500
3200
3400
3400
2900
2600
3000
2000
3100
3300
2600
2600
2200
2200
3100
2300
3300
2800
3900
2500
3400
3100
2600
2700
2900
2600
2600
3700
2700
2600
3200
3300
2700
3000
2400
3300
3200
2200
3500
2000
2600
3300
3300
2500
2400
2300
2100
2100
3000
3100
2700
2500
2400
2600
2900
2600
3400
2500
2400
2800
3100
3000
3200
3100
2100
2600
2200
3300
3100
2500
3100
3300
3100
2400
2200
2300
2400
2700
2700
3400
2900
3500
3200
2100
3300
2000
2500
3300
2400
2800
2100
3100
2900
2800
2500
2500
2800
2300
3000
2500
2200
3100
2900
3000
2500
2600
2600
3600
3100
2800
2900
2300
2000
1900
3200
2300
2400
3100
2400
2700
3100
2200
2100
2600
3100
3800
2000
2800
2300
2600
3000
2800
3100
2400
2400
2900
3200
2400
2800
3100
3000
3200
3800
2000
2200
3000
2200
2800
2900
2200
2500
2700
2800
2700
4100
2800
2100
2800
2300
2600
2600
2300
2200
3400
2400
1900
2800
2100
2000
2800
3300
2700
3000
3400
3200
3000
3300
3300
2400
2700
3300
2400
3200
3600
2500
2200
2200
3200
2600
3000
2900
3000
3000
2900
3100
3200
1900
2600
3300
3100
2000
3000
2800
2400
3000
3000
2400
2400
2200
3100
2000
2400
2300
2100
2300
2400
2600
3800
3800
2800
6400
2400
3500
2500
2500
2600
2200
3100
5200
3100
2600
3700
2600
2800
2600
2300
2700
2500
3400
2200
2800
2800
2400
2500
2100
3000
2800
2600
2800
3100
2900
2500
2000
2900
3300
3200
2100
3100
2200
2900
2300
2300
2500
1900
2900
2800
2900
2700
3100
3400
2800
2700
3100
3400
3300
2700
2400
3100
2900
2800
3300
2600
2200
2600
2500
3000
2700
2000
3300
2900
2600
2100
2900
2300
2300
3700
2800
2700
2400
3200
2500
2200
3100
3400
2200
2400
2200
2200
2900
2500
2100
2200
2600
2500
2300
2500
2200
2500
3000
2100
2600
1900
2900
2900
3100
3200
3100
2500
2400
2800
3100
2400
3000
2600
2300
2700
3000
3000
3200
3200
2300
2800
3500
2600
3200
2800
3200
2300
2600
3300
2500
3200
3000
2900
3300
2600
2700
2700
3000
3300
2700
2400
2300
3200
2500
2100
3000
2600
2700
3600
2400
2400
2400
3200
3400
3500
2400
2200
3400
2600
2400
2800
2300
3500
2500
2600
3300
2500
3000
2400
2600
2600
3500
3300
3200
2400
3300
2100
2300
2400
3000
3600
3500
3300
2800
3100
2300
2200
2600
3800
2900
3100
3200
2500
3900
2400
2900
2400
4100
3400
3100
2300
2700
2800
2700
2300
2300
3200
3100
3800
3600
2400
3200
3200
2500
3100
2600
2300
3100
3000
3200
3100
2800
2700
2900
2400
2800
3400
2800
2600
2300
3600
2500
2200
3000
2500
2300
2600
3200
3200
3500
2500
3500
2900
3000
3400
3100
3000
2100
3000
2200
2800
2300
2700
3800
3500
2700
2900
2700
3200
5600
2800
3000
2100
2000
2600
3300
2000
2500
2400
2200
1800
3100
3400
2100
2700
3100
2800
3000
3100
2200
2400
2300
2400
2500
2700
2500
2200
2300
2400
2400
2000
1900
2500
2200
2500
3100
2900
3100
2100
2600
3000
2700
2200
2700
2400
3100
2900
2600
2800
3000
2900
2800
2100
2400
2400
2000
2100
2800
3200
3100
2900
2700
2000
2300
3000
2600
2400
3700
2500
4000
2800
2500
2800
3100
3400
2400
3000
3300
4600
3100
4200
3200
2700
2900
2300
2700
2400
3000
2900
2400
2300
2100
4400
2400
3100
3200
3500
