3403
3511
3481
2268
7178
1575
593
256
6678
9183
1470
8418
3834
8807
3699
2721
5162
9689
3346
7046
3039
5118
2196
2878
9596
6340
2740
7884
7405
7978
6882
207
7195
6244
9400
1012
4923
4949
5051
2336
65
1342
4052
8942
8447
8604
3370
840
8781
7509
24
7129
7067
5223
7132
3902
8075
1109
2860
5406
2621
7011
4880
740
5820
151
5171
823
6091
8905
5590
1814
8483
9348
1739
5029
542
9627
8376
5529
9433
7120
652
4156
9115
1880
5783
6614
1510
7256
5244
5216
4316
4426
3742
5214
2480
9502
3080
8696
7915
3152
4695
4957
9783
5140
4625
1961
6115
9776
1817
4520
1143
8871
6741
5076
7167
807
1872
2497
6455
8898
7951
2477
6232
7640
7144
6639
9220
1308
9098
1100
302
6913
8741
7632
1101
4863
2706
5055
1391
9425
5445
266
4914
8732
6456
7205
1664
2940
3035
6739
7012
4519
7037
5307
8185
6829
4285
2397
6701
8058
2877
411
6311
1768
9680
2109
3512
3435
5235
8402
4403
5251
2218
6129
8958
3844
7763
11
1803
6898
226
2240
5026
8359
974
2118
1242
5751
7008
2955
7042
9791
3216
1336
390
1058
7457
5272
3271
2751
4436
1028
5452
9411
4354
6227
4588
8583
4879
6741
4726
5255
3091
5980
5670
4063
6714
244
5853
1998
5950
7246
6719
146
2960
5920
2780
533
5644
6115
9286
2333
3783
3577
9336
7822
7694
4066
889
211
6102
3379
7115
8899
4710
1819
5811
3343
2847
6107
4376
2738
535
9448
1677
7757
1341
8898
5239
2929
2695
9564
5828
7945
7671
1151
1685
3357
7848
8404
1625
139
3183
9231
221
2104
50
6266
3336
4766
2000
2431
4480
3676
6677
62
275
2715
9276
8163
5344
6436
4001
8005
5041
4341
8247
3592
7434
8506
1745
2973
7500
4532
1264
8367
5015
9611
5457
3956
3457
170
8472
3390
5848
760
5363
4165
5999
5157
6589
3127
5787
2367
240
3564
1874
921
1768
7636
8855
2708
9633
7407
3448
7572
6939
8631
4417
1862
5780
3965
4354
1612
5553
2382
4446
8886
367
5984
8962
638
650
9358
8079
2610
8665
436
8278
516
5248
1129
3254
8811
7611
2111
514
9110
5629
7309
2643
9508
1321
7745
4662
5603
6040
3319
5133
3094
8919
8707
6287
4705
4321
6139
2585
857
3507
4489
4492
6930
7251
8549
2681
2363
1531
1282
3164
8211
2007
4303
3230
1076
1398
1276
4328
7081
6448
7343
1608
3366
7014
4146
6192
273
7497
9175
8689
6778
9196
1104
6574
3084
4902
6248
619
2111
3455
8363
5216
8896
5562
3105
133
4459
737
5907
6231
5017
1008
808
2743
868
4033
6145
2884
1894
9442
4525
417
7521
603
8123
7370
1581
364
3391
8753
1443
4328
4653
1375
806
6094
3945
6152
8248
3079
8632
2024
1600
639
6718
5741
4551
986
6069
3264
3581
465
590
8414
2151
2885
2008
3455
5879
2964
1282
8028
8443
8978
3870
3791
3450
7826
2949
6573
8629
335
4633
4987
1105
7538
1390
1709
9343
7118
3713
1463
4649
4629
9034
8456
6795
7590
8882
1166
8591
7339
2149
3405
6733
5820
9362
7903
5794
2683
7941
7025
6753
730
1417
6760
3569
7399
8836
3477
86
6183
9032
5645
180
1571
9445
8564
5985
9178
8517
6421
8656
4195
247
3876
8805
3392
7867
2468
497
1587
8067
7821
9002
7666
8356
8968
1061
1199
9140
8528
5660
2176
4192
8658
7790
7185
2798
4898
4873
974
1461
8441
1487
1568
6913
6726
271
7091
3599
1518
8864
5488
7781
9136
3988
5814
4294
8687
4274
4106
8189
2823
5817
4621
5628
7063
3756
1178
758
5100
6625
1631
5598
240
8361
8469
4047
6356
4023
5439
3200
4695
532
7464
1679
2070
477
4284
7395
1220
8642
1644
8076
5234
7128
4306
1889
3262
2454
4584
284
228
2048
1187
2548
976
1009
6228
904
5470
6134
2829
1796
700
1924
7665
2486
2038
3242
6321
5352
5715
9020
652
8825
1192
87
4212
3601
8148
7809
6961
821
8504
1992
1299
4324
7763
7314
7839
9029
7586
5864
1304
334
1309
6258
3690
7754
8324
7105
1705
8559
5415
2031
5594
7879
3338
1828
4287
3698
7551
140
1656
2349
2566
658
4896
6097
3177
1694
5550
6365
7691
1637
648
5714
7761
3601
8257
1799
1202
4536
737
2174
1796
2333
8173
1247
4800
2463
6098
2678
8308
713
3524
3051
709
8658
2082
9110
603
2092
687
8113
1219
6775
1054
2692
3289
738
7304
3620
6128
121
8970
9184
7743
8565
8688
552
2247
7916
1899
2611
507
5315
6686
2360
2382
6472
6346
9177
1688
2571
8683
5485
7447
7748
714
5593
3757
3002
65
6834
3105
7822
1553
4057
4639
8561
3307
2271
7291
616
164
3340
4090
6808
2632
3416
4588
207
64
8526
6887
2179
7377
1989
3769
4327
3394
4612
1273
8324
5658
2845
9105
6980
3388
733
1146
3335
6358
1876
3376
1507
7258
693
4732
7460
5119
5842
6469
1432
1635
5519
4761
8727
716
988
2363
6204
5508
56
1153
1692
7230
616
1365
5802
431
1409
4500
496
5561
8259
4266
4013
7529
291
6696
4386
2998
4019
1018
557
7770
7578
2579
4369
7431
3311
1103
3369
886
4619
7723
681
3577
2620
6082
3362
1665
2271
7035
8487
5768
7359
9027
5514
3021
360
3774
8335
8475
7471
94
6263
7972
2873
2021
2161
876
1053
3228
9086
7266
5776
657
8488
3100
7292
7366
6667
8490
8053
5621
4044
5974
1901
6671
3064
4534
1818
5523
8459
4719
2173
5648
3362
7671
7074
5235
4302
7829
7607
5907
6895
3470
8540
7988
7962
7362
5481
5121
3410
5614
518
2964
5681
2098
3048
6425
6836
4227
3052
5938
2101
3511
3366
2027
5265
3813
728
5228
3391
5308
2577
5845
8915
3184
7745
1732
7588
5991
659
2609
4491
4021
4918
124
652
7340
4309
5705
7710
4267
6098
6050
7652
7900
5902
5144
4580
6049
6023
