55647
7636
10284
10905
90392
21965
57453
41723
25256
75387
33292
62578
66992
89904
13075
81556
97357
51818
78838
62735
98012
70313
33416
76728
35690
24057
5823
37293
13528
10579
60799
93285
57952
67338
80378
48886
99596
86078
70791
13352
39098
45571
27514
19549
48318
72485
714
62773
16364
39306
20621
61892
66800
11973
48702
59298
16886
41811
49961
83268
91703
14711
88651
95474
19313
77522
74779
3209
83371
70650
31666
62606
73493
99060
56102
34352
91820
46187
40245
58283
77407
33521
81969
28666
15752
24761
86164
91240
52723
82842
83562
28571
76077
69011
53621
81422
94877
71862
50786
69470
76064
73148
96320
18720
79072
6686
71874
82105
18032
36791
18860
93050
28247
26388
47378
26747
76843
19590
75552
15652
23705
84838
95287
37104
23583
59710
36569
53710
48719
97865
36796
39253
5353
79105
19141
6099
18789
37279
87683
54638
71117
99674
14469
17000
77097
88115
1048
19533
92919
65362
1531
66659
91600
89896
3729
97846
56482
4092
39710
60998
99603
83889
12641
24474
75134
91762
9544
73787
49789
74050
49070
43034
97219
31523
57521
78631
22131
26294
54537
68775
57254
63375
11373
64801
47171
72770
17727
46313
92014
32998
7359
72873
40548
12916
68718
92818
14778
8137
36294
45419
25715
35573
61362
47873
34906
13537
89573
23691
95433
5519
66651
1769
33065
17561
14280
6113
3305
58540
13466
57045
8382
90802
69525
13868
16508
19306
96531
20687
36415
34213
35098
48224
4767
61806
91715
36635
40241
92423
12972
31578
31888
11522
47742
34371
5996
24804
32872
79488
3884
27612
5640
23718
75532
6646
572
65475
94853
88297
51974
45551
1780
5979
61536
34158
23254
81979
42229
26197
39826
19539
86519
34534
89117
72389
82153
49725
59886
11041
63500
57745
10119
29772
41495
35729
96184
21162
84136
71137
56017
20550
43329
81369
81498
14969
36146
40568
13633
65750
39741
28281
26636
46214
7335
88579
4521
27041
39221
99556
35719
8766
55002
69281
53825
63649
41065
58960
27788
24944
15434
24699
48567
72825
45757
69545
13730
81620
49545
48587
13993
8198
55366
86885
41945
11785
83937
25718
97144
87602
9393
24102
91045
39461
46966
15300
55313
4875
94935
6477
5307
67171
60415
49156
92460
19260
49883
78355
5756
5508
17398
92827
21763
87993
42400
15412
50614
79269
23567
44355
96314
71420
44397
74393
59388
65528
53485
11661
46314
13860
49466
77311
35912
39647
9929
78866
31260
28255
90449
54143
15172
4229
44018
74147
39720
73481
91032
2570
34491
80181
44161
23822
77412
88299
3861
42080
42837
36564
77042
76986
35942
38618
6590
24230
92812
62843
42829
16183
17992
16746
35082
6310
413
93178
73932
96320
4956
69160
50013
20323
77139
54139
60595
37354
74244
3011
50624
92983
33733
23967
72437
25172
54096
97859
70954
86274
6455
83330
75034
18631
25591
87979
20780
93611
81016
94216
77289
44397
50992
48920
44792
46083
86464
96376
68781
12540
89216
71399
89219
22150
56986
63490
81139
63786
42155
6075
35339
58352
5808
21600
58006
39767
74358
14675
84130
31637
68730
73313
38503
96728
87074
70201
44032
45111
85446
34545
53623
41992
72672
44305
76971
59654
99300
61236
99277
66342
40334
96890
43002
43754
34206
60258
33120
36603
49270
6976
41484
25998
8349
72385
82843
67051
90186
81882
59421
6545
8141
24951
85870
95425
33577
50425
95413
82077
84571
64790
82970
72397
46607
5687
77048
53446
7282
16634
37224
90055
47172
89322
24428
42458
77933
91126
38432
93178
33630
51467
31561
21607
81296
1289
35441
60732
91141
56899
52626
44061
68603
53547
51764
57730
38471
60584
80334
89551
82990
64006
99170
32526
57657
74560
96977
82179
35739
64459
79753
50242
52109
64888
46582
2984
22924
80800
11964
7116
63079
1233
58990
64201
61061
7699
31154
40282
2826
72347
55766
7313
80634
18633
27197
13861
96616
89665
84767
90546
77861
92597
3322
61959
9176
56201
15912
60452
76955
30096
24079
93398
35962
7284
1814
74401
32450
73889
51674
2849
5843
40421
15645
72504
32593
43092
13069
76447
91570
98903
13485
2336
31225
53852
8465
4533
21316
60248
66101
18900
15515
51234
3353
74846
78695
46556
35693
86909
69492
31957
18565
65498
21508
85949
80844
53181
20439
31907
9140
29457
25585
47317
40987
46136
51164
94490
44784
21783
85088
11140
64869
11526
23935
2453
34324
19992
86768
57616
18219
83718
52464
24281
41082
10850
83757
40663
96853
40142
35938
64229
65276
49551
70621
4361
74904
8514
21377
33738
12923
18282
62198
80391
58331
78284
96903
79675
43915
48471
41008
59641
97041
85578
29984
32685
91137
87069
34109
30490
62542
49589
22082
84471
55484
10861
70588
73615
69175
35146
93727
72012
91093
58921
10530
87541
74754
51048
16533
84437
37689
80800
13686
25204
40066
6115
10791
87670
18043
19806
16402
96904
28245
29937
48399
10376
91698
94366
52067
91386
13805
3616
2081
76929
23144
54090
94709
51688
34000
80968
66827
77627
90302
54102
45959
23005
79691
4944
62415
55398
23320
18426
21621
11880
73112
97334
78618
3601
35641
73879
37098
96428
52177
73880
83473
81016
83278
26422
52001
2328
12812
25447
89484
21468
48582
96078
18311
26343
60966
98801
93610
54273
86317
44573
71873
27326
8623
20172
49166
11201
11692
54795
72035
51778
55873
52071
48332
84947
94466
39268
97842
64036
21164
40222
335
67680
8016
78428
29835
44504
68342
71518
82870
4637
16123
86346
7144
1793
67868
74279
53180
35018
44752
78447
70065
8373
73601
60892
44563
55927
5919
59654
80606
21850
34662
30531
81528
22043
74960
79923
48505
52341
73177
52643
71659
52358
33773
77334
83136
51222
23627
84855
38330
30281
65468
55831
23992
74374
74075
28106
30615
56157
45799
24105
98656
42118
23737
78451
56583
36178
40333
92264
37333
51269
18167
79656
17281
39273
76990
85157
55511
46725
13257
69401
1735
6543
60616
98006
98856
36860
95998
54735
16434
7640
16801
70496
17368
56542
57953
41715
69853
93691
17540
98367
61228
48090
8901
42122
26611
29572
8870
42842
46215
55630
14242
98328
68914
13589
68226
30593
40134
85811
76720
23011
50984
68371
13252
69544
15768
84056
63785
11310
2442
71451
70414
94507
8403
25185
8869
84836
19723
83962
1069
49770
46339
77474
16749
60076
60955
96838
57327
87596
57301
7484
24840
2328
54262
37553
91344
78021
62888
92503
53816
83796
86517
59270
33076
37298
61356
31209
53132
81610
71275
95086
72054
28032
74454
91586
5977
39325
36344
78835
17882
96970
23820
17737
35008
57935
39021
20450
43878
63122
84400
55921
95593
53241
33417
86487
91523
80677
53981
83902
15966
21192
93722
16239
20148
68162
57811
55034
53176
52771
56323
5582
9888
48848
15201
72530
146
53505
51759
62411
98635
81541
25043
95540
81494
76273
27436
67339
69818
16603
24786
47088
705
76142
9464
32810
50634
18474
55643
69079
51044
83206
90591
56804
36384
57650
42134
47859
62294
85857
49584
16215
16894
82783
19107
38390
43592
50945
83687
95700
78398
80582
95106
13746
797
63056
72090
52961
33542
50100
82291
65612
79739
39535
66227
21540
84528
15331
84818
756
13942
23723
89941
94643
37965
43559
25049
59617
92273
30095
57723
97933
54697
11818
57367
9639
64327
17571
26066
31569
24768
69173
71834
73879
81949
25441
77786
43980
94174
47064
66775
21778
1066
26531
35484
1710
30877
18815
44037
53777
68706
13017
41671
96703
57462
44061
94351
49663
20018
43125
91434
38812
60433
91369
1105
58709
64615
34632
71031
88864
19304
31109
13842
73763
10549
1389
77373
4320
32457
92891
8012
85054
52313
33134
96822
46447
87953
1825
50098
88167
25446
53308
79601
12492
95455
15788
82799
3686
82328
67528
2910
45357
13266
80093
69908
38755
87171
41490
92355
35790
66684
55961
8808
39825
36482
45630
82357
17402
7846
81050
68218
87941
3719
67195
4678
30231
75922
41249
95275
69433
22783
19177
86740
76569
87532
47061
49145
81056
50007
91388
76749
49833
17300
68203
86983
4282
20926
6589
63045
81518
21233
11262
46108
29306
78481
64982
94003
21537
80288
73669
23202
84311
42094
50827
15545
93939
23070
92577
4602
7890
17878
25553
11239
64176
72151
66421
78982
12777
98693
63524
76180
3090
15305
40718
96539
68538
34314
72642
13008
28231
1659
87811
98355
44567
77263
43950
55854
62788
26060
84468
92898
25482
69623
89772
13253
12332
85129
93293
49325
66295
56045
57193
22688
15246
11017
7169
18494
37784
4118
39041
64955
66019
826
26504
25908
54919
39289
47583
69130
34004
45582
94115
97352
34706
42722
54933
28635
79660
85878
76285
82217
44206
52079
89010
83548
5678
14427
44681
54757
20837
7465
73841
9447
7130
51374
79648
90318
30286
25335
35513
44011
38320
72879
22786
15834
65554
83230
69152
85059
7916
126
23001
98439
15653
17102
38638
17125
73378
3932
62075
42194
6103
95365
76165
434
63483
33665
38319
44936
7762
62427
5044
28209
37719
39339
30532
14257
47352
86101
18701
49429
61057
79931
12015
39086
42581
48912
8689
73078
68510
42147
14203
42402
62402
30646
23161
90711
36028
88398
89760
40419
35581
68152
87944
93832
78810
65781
91166
91126
27970
89281
14905
32517
28656
82687
22296
49412
22393
8149
32459
55601
82105
62088
21116
38223
76489
77451
129
19358
86516
93634
73799
88694
31083
39526
95401
4442
27018
76979
81764
60271
75833
74936
94383
90003
55996
95217
7931
74505
18734
69906
70909
88134
14877
52919
55763
87341
80458
58158
29141
75682
73516
65762
82234
88773
19212
62389
29240
69281
23378
63615
90793
40779
70309
5597
56662
50326
96896
6142
94634
24721
17522
69256
86833
38924
85227
3412
81251
34567
36240
64802
52313
39892
20501
82170
52299
66331
439
62847
50491
62881
59345
35419
26402
37648
68291
65767
86052
27670
89260
38530
97002
8018
84943
1521
56569
37866
92918
48750
72786
96073
79207
36636
37470
45838
10914
4190
62919
44879
73810
9415
73732
14616
1375
65253
67842
66497
70312
51961
30400
59661
91841
94268
74319
55772
36794
16024
24243
67396
74598
74997
26114
24497
6873
14918
57307
37700
54864
25668
41881
45613
43465
90250
25270
39065
50653
88450
35838
47887
75079
45538
16643
96207
94854
84147
21724
13067
20400
47530
51061
25022
70524
53344
8023
54716
34224
54990
71204
83008
86812
95562
12302
16905
14772
69422
44113
61658
42762
28401
73610
30305
49015
2193
73043
6400
40
79971
62790
72316
66064
22127
60307
25206
21378
6717
7718
60129
42889
28472
38573
18068
8626
42579
37010
78593
26047
87684
85873
80105
82676
40601
5082
59271
68114
79374
39246
19689
96908
31607
30928
87189
22432
92236
69563
90924
16771
37079
80211
36363
9795
96143
20722
38459
70227
39555
90208
52713
90217
41938
27198
25602
25266
15219
27553
77996
68171
23074
93279
48294
2936
26226
53040
66956
17781
3124
11430
71323
28421
15234
4497
94935
40254
18923
87931
19464
10966
24071
55533
8721
4744
79019
65733
81432
74264
62943
84500
95425
37732
31122
81702
69734
10099
48729
47551
84493
961
46437
43597
52264
79210
6032
63814
34279
54838
33500
42817
6825
17767
1281
42829
79680
78850
77091
28669
58010
783
75348
81318
46810
17327
26947
79291
68333
80460
95819
7284
52984
5256
31616
69047
68998
137
89029
35619
41141
90993
54362
12170
91170
47755
58316
43883
55381
62627
74340
51317
96563
81687
31735
14380
77662
8855
22043
4642
16000
44258
23064
4537
41392
95104
65461
76155
37774
25926
78401
53423
65413
22775
96796
70116
27628
16274
35722
28116
39086
73211
60927
2039
15926
6540
17025
78074
79317
34648
12920
22599
59933
85950
31272
62003
33923
49345
82674
26548
39860
17645
52315
85324
54461
92605
37006
6430
74826
45694
24488
68244
15133
5352
34086
21498
48560
19475
44092
63651
12207
72367
43847
55039
48055
91265
84475
76853
58029
94109
55270
57251
1438
53119
60820
84495
3107
34737
95151
92420
67662
16904
36951
41374
41805
58941
55794
32331
15061
39724
92961
50940
7151
39323
16248
14376
89565
77454
79610
4221
52659
74467
30330
87537
86168
33913
6214
11499
70022
3053
37512
44294
38280
7329
60946
64031
67699
69756
65120
68844
47912
82166
14577
50649
4029
76827
6252
8836
76597
55547
1373
1820
16919
77609
81041
70427
27700
96801
53055
8357
78154
89929
18713
94209
41040
87071
55636
17659
36678
60297
45881
64079
68392
38127
41336
6414
28810
18332
35128
53458
90998
46712
29626
39473
6175
53651
34371
48687
71681
6503
78041
65921
45902
23081
10016
28499
34175
92467
70822
89429
417
7636
29421
66935
89837
65687
55914
28686
39928
91118
88100
46627
27664
53959
28745
57694
53664
47102
45690
77603
65831
95317
51478
37074
40507
70684
12624
51966
10095
6002
78869
96602
42433
70287
60494
76111
72093
13693
43220
55181
91337
39852
48059
16393
20690
17145
12870
92640
53422
43482
37268
9694
97109
34152
55468
51389
66517
594
57964
11021
24674
1591
89768
13798
28725
56579
17603
27890
39989
75671
67005
83041
84926
83980
52536
16377
9401
71640
83680
79202
11974
9394
8559
82620
41168
29413
22946
97222
73746
79617
48305
53672
70066
359
7861
9516
5180
30470
7133
16849
58866
89466
69834
51804
78494
70058
22653
36772
44546
92097
42357
32169
41933
29650
9314
68814
70823
52274
56666
94736
51413
21771
53870
61147
33973
36187
41606
7657
89452
53492
10955
93573
87221
77720
60807
32690
7268
35226
77094
69865
26275
60749
55113
44841
30815
34459
80704
72262
75027
2631
72681
81488
76171
5848
26876
76663
75299
55470
36752
84360
22050
92935
47447
91239
37242
93070
57192
21273
36232
58277
63905
26064
19950
40059
1580
37837
94418
68090
13751
1658
69097
84037
7584
26810
97694
33369
69083
66522
82542
29978
23158
29766
91144
24881
65768
23577
9997
73835
69937
4195
10632
35323
78205
57389
33433
84574
15691
55322
20682
20847
51512
86564
53922
72028
46368
94721
63127
89922
27513
6542
35610
47208
18836
58687
51964
83440
34326
13897
36584
44267
96557
13156
69617
72325
38351
92292
22628
25307
78320
79604
16151
80155
73052
22478
42753
37341
3333
2650
76939
61519
63987
18842
89377
82447
23714
73711
74392
51413
31707
13642
79214
91485
56310
95858
97233
10632
63595
79314
14250
38078
91789
9366
25969
26055
20717
46643
93500
58459
11681
41961
80840
91286
7662
62358
17605
52731
67435
25977
15767
67862
47107
5840
33212
24734
21189
83551
18397
6365
71816
3901
82527
38196
12178
93637
96412
58839
8438
48812
47492
15324
1961
16001
94389
32553
43184
70778
51289
91552
49802
15594
82198
58781
92955
79360
86172
75655
44579
27743
6838
47375
54066
13531
73453
69626
20345
90421
34428
34625
91626
8711
30602
4117
638
18567
46567
31192
13128
68562
88759
96549
26341
24461
7944
80029
4130
51176
4641
68743
1817
89000
90418
87006
47313
56007
23274
63088
21602
57297
73944
96044
55627
62550
3763
69143
40622
66159
65449
93326
73185
79307
17160
75700
6295
45391
65391
6219
94171
21826
46468
55356
57637
62988
83216
50153
68670
76157
16870
75995
47181
13310
86743
92001
1317
64983
7078
19627
53749
62316
10993
92143
4130
97327
7414
83896
58309
80812
35958
55709
13677
24849
67845
13061
38985
4895
60125
15164
32188
7969
58555
13637
32589
58920
89774
94322
11650
63832
43459
90294
60701
80067
87234
78741
70921
24784
28953
38908
73787
95824
1242
95392
84152
25461
2586
17208
51258
4950
93422
42499
29089
15155
81628
95469
59123
95362
75611
84794
33911
580
77969
68345
18040
78168
12763
5948
91388
8833
25234
80644
1907
36286
24192
1008
93325
76826
67430
10555
4432
52389
66345
38204
62703
94628
16037
96681
19682
60137
71348
46329
34961
9231
61538
9761
5152
56766
4289
9614
56334
86370
9210
47869
45550
68507
60895
11957
71424
15932
28419
53649
67018
61568
323
6672
52093
10391
28283
91341
40182
1713
74904
88088
69235
95906
37760
86728
42354
15114
21572
70780
47988
61603
24261
1976
11061
42866
92309
16146
92153
15719
16331
47159
77640
32858
79029
97311
3977
51587
55389
73934
14387
84061
60567
13191
18310
66207
90739
41565
81734
35679
91618
35702
42069
57517
83175
86322
6736
12560
85720
1317
53269
5776
34932
4663
64904
48552
80247
96607
13334
31506
87157
24228
57559
75058
24232
93657
75546
29404
53083
83433
59199
11939
79891
82328
41485
32598
49557
42194
18406
82337
75391
83141
65679
64142
48955
14672
13788
91869
84939
42400
61229
4671
31336
50686
48901
86995
64022
96197
96361
10648
91905
57378
88210
54231
50449
29888
27908
89376
18033
63487
72956
69016
7448
31349
58354
46509
88296
62215
30919
74191
28015
56138
20560
57159
19713
19326
64160
2534
70809
48805
87419
38999
45170
61293
58425
44690
46934
78838
86454
42042
17651
70244
70591
78434
26967
94794
81755
77765
55640
20319
80236
17104
79558
8572
59342
56376
590
81578
96085
41061
25972
23179
43309
27449
20829
19066
35600
42150
34759
57357
11494
60208
47677
54957
45532
57035
65764
65739
49910
86666
79929
90707
11573
44404
48438
46293
31196
69124
27219
61823
94203
19580
46609
2612
37794
74214
42246
35453
65252
68456
43009
75401
49759
85286
60928
16999
24757
55950
23043
49882
97168
5944
94400
89208
29253
93904
36346
43233
47696
35422
67267
94647
28782
27472
15170
82216
39856
66630
64285
53402
17716
2987
6874
51398
3653
17053
18603
81235
28450
35120
11220
83104
65866
70724
71443
96858
83009
79704
74275
22799
1962
60018
32343
16907
3913
26965
48845
53253
8615
66574
56640
58277
77434
78356
37178
6550
76041
82807
1149
2971
14853
54069
12024
93463
71123
93296
70819
89626
55713
44799
94651
1776
90295
88596
4329
58597
49177
45143
28006
19019
1201
45853
77369
86437
93928
74839
88571
6115
51876
96598
28256
18126
56417
60912
67858
24649
37392
7890
52725
23269
37507
50811
16329
52638
18014
90108
21032
59314
36970
13025
413
86210
54901
39947
83556
65522
28808
86680
38678
76332
56925
66641
44935
25822
33034
44470
13317
81308
34389
34009
36455
24922
66059
31101
523
62100
97031
50182
26039
59963
37044
81440
35785
81072
74129
32924
7980
43011
13249
72970
14915
82819
56502
17927
58571
83215
82607
42763
59088
69389
9480
20237
93485
14752
37199
22780
19141
26835
70600
38091
30446
95870
94729
68031
89232
90071
51938
49632
70839
54263
1434
76562
80279
67360
69994
59499
43062
55456
75475
65346
33603
41290
72785
89394
43582
11937
31071
60074
58854
6657
3963
82713
40833
61426
76434
20075
90447
86752
86522
53163
15441
40019
34036
31011
56791
55579
81806
62438
48358
26528
26351
34696
85998
82332
49113
22265
69753
49292
88029
37244
88480
34288
72813
70798
73680
1354
4516
52312
43181
19787
74411
16610
79553
74024
54971
79906
77141
35156
91271
15993
21067
16453
3396
30777
94483
50412
28863
12349
91454
16610
81082
47333
92137
3020
24332
85121
92938
35897
11667
80497
78530
93824
76031
16260
58522
56706
66443
18595
86774
15379
16131
79533
82058
3985
32810
31248
47824
27287
19220
57769
37052
73234
68067
67322
74169
50923
57821
7519
51952
17554
40963
79227
89016
12404
32921
38036
63713
94434
52698
16233
33873
71766
69197
37721
22703
19804
254
80594
17980
81630
33488
61919
17225
16987
450
12431
54045
69026
52798
85206
89954
82302
63626
47346
53082
2780
92543
48796
67180
67961
91560
25641
8246
15108
44790
89997
72599
48567
14423
43747
47401
5287
65408
15110
10944
59071
50692
42263
61039
84627
61656
17551
94168
54988
54226
75202
17231
40092
54863
10980
9143
68060
31022
20663
28807
85749
50990
225
12866
5527
47082
75998
91704
5241
29754
4583
44698
56331
56694
43143
69132
70286
1616
82751
84345
36406
55736
88518
55953
22717
54184
91122
69670
58070
6265
19494
56597
363
63168
44449
51603
77956
43712
94624
18580
85722
76287
15152
43158
12654
16081
10259
77080
58493
40393
63925
70586
52795
91144
81946
2969
51425
48732
44975
63264
18408
39281
19371
42472
10165
20950
60729
83467
67450
35689
71404
62447
6554
10679
57746
65712
30351
38529
38702
82583
40573
42130
95125
62209
12216
22683
89452
94084
40020
51776
57684
52573
93234
77996
14330
48712
47591
74773
918
7479
95729
49828
15263
38735
12937
28201
54822
68495
14571
87814
31021
66114
4352
1986
25815
55749
95713
34584
88166
61773
31133
84276
63520
57406
48539
40426
47558
58831
86212
8557
30622
71164
96264
23948
63077
32427
60730
21745
89183
2425
74426
76216
87524
70918
67007
47213
8235
11667
7205
8702
52789
79571
28952
35833
84103
35028
16734
35645
7588
56284
24048
86582
60175
33138
75598
14958
10738
79124
94043
13929
91321
63361
48885
32849
71526
10249
67043
53299
94054
87845
87150
36205
26780
96562
52343
84484
91045
65554
67059
64863
17784
62872
93981
86920
7804
50602
91087
1720
89521
85779
13268
87512
74816
86856
88207
60367
71240
44896
42755
23021
86422
67019
87862
55657
5488
59767
50476
15370
4734
60142
91576
8051
53813
18912
3615
7252
60509
90306
56345
7284
7335
12606
34399
18082
22888
19067
43677
85496
75998
72706
76774
89025
26261
23624
91495
57098
51053
67913
50129
8209
37762
32979
4782
57784
33904
56779
745
73431
41227
85963
60377
24218
27271
7610
78294
47230
71486
13121
28168
11674
78075
88992
23758
66786
41458
41471
52421
53005
60398
9641
66564
92547
51190
66237
59303
1450
69949
92282
75133
42241
93540
79987
17853
37991
24047
31533
12716
77561
13785
87098
25761
23149
39316
57417
64284
31604
11269
57000
84627
28774
59800
44055
42177
82005
10945
83119
45840
89827
44655
82829
31896
32112
75586
55519
30498
37541
40232
20229
91963
69091
32120
83080
8055
43906
75933
70459
80642
58912
18834
60138
17553
12780
55526
39608
87657
56343
76478
9765
29132
5379
85323
80274
79112
76764
89044
79558
4989
63505
29785
1103
93875
44162
61345
29776
51226
54438
35241
74044
40902
5969
14161
33532
14942
79426
58230
58426
46782
44123
57315
42534
59705
13900
95445
52160
76725
79870
20106
62518
63660
47483
32868
79650
28456
89063
24215
61393
69997
66195
86221
52463
11412
2554
73347
38025
19175
22038
8146
67044
69352
23400
11540
27670
32752
76233
50352
14463
38624
19576
89928
95733
62528
93293
46814
55662
20614
82270
72267
49393
17021
64263
20860
24726
71749
57562
86423
1346
10333
55568
70302
68660
42523
19040
84267
9724
80749
44225
73537
20997
68191
56058
29946
63962
42268
28651
36234
85773
55863
4248
70523
90023
21474
62837
81259
69648
46371
2986
94572
93401
46473
39155
81784
30376
89794
49653
57285
40939
56896
79269
27451
34368
59430
17121
12612
91199
12305
16274
75885
80992
70323
4848
62825
23495
84655
73091
68750
80252
44094
5088
41836
72453
44957
78372
95889
64319
47253
21044
23615
57664
81357
56417
51059
4646
76019
89768
85527
95899
31244
50710
63267
82558
80289
39564
69359
47695
72888
6865
7385
39987
80004
53294
23386
30772
19258
54222
23048
90309
64904
78949
4484
1094
77954
63250
55981
84251
1914
19682
61618
74954
23682
32394
54951
47349
15981
73423
17935
1924
36711
9142
8831
57759
29155
54181
59935
23040
13549
79851
19927
7202
14191
79941
33592
40947
71814
588
42541
32570
90989
59817
74464
32378
79262
10013
70502
79426
39059
38588
83388
3557
9358
63959
94709
95919
32824
85433
94233
2367
70015
92421
72355
75717
68512
75314
46015
39551
56401
31298
68358
77686
70886
88846
20011
87559
22986
49443
67972
57398
21082
15
49606
89051
68215
72831
34318
57891
37175
92888
57922
12933
49307
81217
68928
38156
35828
32800
43157
93383
95052
96111
33213
42791
12456
55859
48847
77058
25581
30763
65388
23872
32203
8355
79662
58198
35379
34304
59552
69289
51953
75940
36845
32771
37025
27037
92337
84886
94248
68723
71475
62027
5048
17845
32549
67078
94151
74100
8106
13483
90622
63415
55715
48584
64322
56441
35978
87589
45352
38684
2716
21039
36745
656
48425
32391
68268
76446
84371
49496
58318
88117
23387
9140
63764
61674
67955
14709
89781
30262
77190
31830
94551
4559
58677
33335
63206
64864
5340
27258
32969
53425
11321
47819
88322
87991
64209
88612
78406
19171
77865
18265
88297
20412
12383
26695
24323
15977
87643
2185
85239
18655
31021
13496
46137
11609
26909
77014
35579
43036
28739
4279
53523
4120
26313
29865
49609
66584
92498
83220
35827
3509
14088
50949
51806
25717
63818
83230
21589
34238
5105
77788
87452
52150
92893
18748
80712
16952
42456
14505
55524
31999
58067
54216
13239
4763
59169
65054
45738
15071
62837
9242
39429
73416
87724
63843
95475
63778
21880
91207
72275
36630
64424
19343
59042
85445
75333
51699
71836
72446
2906
7284
53799
9764
21604
55987
78180
31682
19988
3264
44594
16259
38723
79189
49456
26517
12025
47661
75913
68846
36229
75441
53522
17673
76404
47321
15304
28211
15049
20657
55804
31171
6910
49348
68039
71450
76358
36661
81068
83535
71095
16878
19101
71222
2106
61325
59813
39167
50210
71173
51665
66908
36222
47406
48865
36379
92363
19694
35444
12992
55933
22342
47059
66601
56505
90143
49091
64596
83398
71882
38652
48959
68990
32953
36235
67901
10024
49901
610
46555
23484
85791
29479
52578
36065
6973
84157
84388
93407
80892
13732
27345
35450
46628
59979
76871
64455
44282
38419
8418
36614
69492
82275
34574
68956
76813
67916
38080
32332
19725
91722
67738
7226
6380
20545
73116
73888
8318
93498
94795
41157
50939
10141
7602
34118
46299
41784
64917
17955
49852
92885
73595
87048
1613
41764
84936
24390
23152
68202
61380
54394
36520
54514
50438
673
29317
53161
68522
19302
89703
3825
30601
90736
25921
51187
11038
80679
24840
77522
89993
44778
2900
16146
48907
41083
38633
90766
11069
69488
74227
19770
75254
71547
86610
35286
41264
35621
86140
32169
2133
71215
19915
31677
73352
45861
16195
42925
83209
86624
24865
94540
40449
79832
32637
84675
89259
35615
34780
38173
61878
44813
94674
35270
45690
30269
81105
37809
22202
26737
42063
94890
25128
47059
4790
29725
21917
68488
38256
82512
18838
34345
36510
33355
56445
33872
30379
65616
53562
14480
57004
93420
63338
723
90334
31426
60218
53566
8991
48716
70073
51882
69493
75928
85081
7854
43761
47972
46432
23804
30988
3157
92838
75362
52985
64381
51874
28903
45790
69692
29518
31107
35334
66328
25578
85395
51142
77606
87890
8357
67365
78502
13919
78404
703
89043
75590
116
59172
6114
83648
38854
10833
13385
10696
61048
78482
26
21780
68488
52265
81520
26365
65406
71921
47600
12274
95268
72760
90445
55910
69634
83065
62756
67976
5698
90733
84507
23911
71118
54913
20330
84652
66586
84048
87788
40098
61205
82889
54748
90353
69697
60847
33624
84350
77547
26043
7647
39758
53336
16165
60955
48
63453
50003
72457
48313
7273
93915
59787
79459
4803
18942
8573
9534
68043
28393
3147
37004
93063
64694
59232
93400
6179
31188
82717
44102
14897
56770
88186
46768
30467
14104
65372
70503
80294
77336
50106
93869
31701
32131
32417
40050
18211
26791
46864
62799
95022
37744
3982
69715
45865
63107
71949
22577
76413
88865
90515
62743
65820
61050
79180
90422
69178
76281
30638
30650
6453
32370
91973
63299
86049
85966
9280
35811
14410
68125
43340
18904
27991
44576
12591
80065
82611
55609
21917
72010
56761
17984
44889
54443
67144
46598
82135
95495
6865
54814
74097
90071
16519
75622
63639
52057
29810
921
23621
17463
76012
38288
93352
17884
38713
16264
1210
91279
42685
40114
63958
27568
87068
55201
55960
76997
80065
37211
42563
25296
87100
77607
21111
47332
93959
92225
19417
53506
37428
14715
91087
58410
30402
27191
36161
27336
45561
42146
13966
85253
15243
80023
417
24326
84289
89215
28941
22955
94388
22242
72436
8158
34542
22975
5360
16169
48185
77641
9656
9126
90050
41299
22187
64455
11382
12643
34925
31642
93787
74535
71105
10545
23310
31218
78526
76208
44086
6248
14652
60047
68983
46442
41893
51827
31516
29352
19107
13551
57189
41226
38894
74623
10041
94617
58309
57338
76150
48694
70399
17622
60978
49165
61726
28585
68976
11955
76282
53690
74772
79289
17742
30497
81472
14211
75636
88233
9338
51590
12078
11604
54963
52126
63412
88893
16821
29648
31314
76445
52773
48931
77326
63393
93155
47058
74648
57474
73383
82441
84066
49210
55674
34938
44779
53579
73902
52231
68046
66681
13243
52337
25835
78887
91175
63734
68612
22919
87137
88025
19472
37207
33471
72396
17370
51293
45505
12375
89692
82146
57494
59221
38124
36056
78074
50437
69961
797
53101
10165
27978
16338
33684
39876
66349
23148
69222
64767
16946
49072
46450
50950
5271
81318
46560
92548
12952
54392
1922
18018
42851
47473
88593
74790
19313
18802
63289
19985
24084
34801
68257
16757
23811
94395
79705
19844
5754
76326
42834
13373
57592
43169
65588
70232
93605
30003
26492
31016
34613
7246
77207
42859
88495
57661
9928
68702
30608
93690
48274
29428
91848
50453
22819
19627
16428
78063
41693
14826
41897
5550
76305
57823
37745
55030
85466
59197
46073
30781
91492
58189
84546
74414
69127
72369
60813
81912
11400
28771
15036
88445
81442
214
22276
66390
33913
89023
12464
65851
53781
24539
16981
78876
33522
71876
50621
52517
26569
57204
65879
49297
68346
50180
20652
15647
62644
33551
59237
92204
9763
90240
83078
26588
22629
82259
87112
77344
3417
9869
21023
62746
84212
63987
94044
29214
20201
71280
94333
38939
92533
87318
67344
27950
36392
33290
14016
70454
78611
21418
77285
89620
89391
78198
88535
17588
51822
5292
77092
31939
35478
21561
18596
67988
50767
51842
47440
51014
4619
66389
80451
51426
47449
1983
11699
35742
1749
5164
38561
66458
21752
91965
42160
66795
18499
91499
92482
44141
69794
32470
80234
23708
21432
33726
19712
46597
57274
88558
66426
78580
28642
74913
87025
22066
4594
84282
89031
59002
95105
45440
93551
27772
21030
88145
46218
55608
27931
38530
75367
92894
27757
5496
51066
5735
2787
59508
56921
18271
31465
74968
10112
56541
61240
19236
65703
82433
80907
50348
79049
41919
41240
39430
62561
15948
86642
48937
94012
78711
25883
12153
40391
50701
64323
29963
80577
90853
11096
63506
27398
71849
21775
11755
30228
87390
4196
30706
12312
10966
20385
88128
39995
92165
15367
84541
58736
68252
25951
24366
4221
13142
39651
86066
42015
78606
34239
28230
28001
67207
67313
92498
15411
18561
15009
29976
31112
35043
65793
63993
1526
75551
75200
92607
5284
93786
51353
75281
65171
57391
61490
52284
79093
55669
91292
37450
58599
62951
15837
36164
89928
59151
26816
28837
85422
39355
72274
79424
56550
42216
77970
56125
71504
87839
34100
26172
82450
76187
13145
72733
51797
8223
12159
6966
65554
85892
13409
86143
82030
91042
73619
17636
83374
604
91624
43072
29550
64538
13591
66793
82146
54328
6872
93949
14297
4302
57776
67514
56615
49869
40285
47905
54866
91507
18457
31221
93525
59115
88601
18893
72828
20263
52235
16739
65633
68517
27093
67720
58496
49125
16996
42666
80006
93653
33064
83754
37392
40641
79673
25501
65730
14839
68092
8045
52479
63778
49510
70428
18878
20155
75482
85229
53225
10935
35465
39496
13511
56324
3795
11042
45340
53264
43340
7835
12127
9251
92659
42284
10341
52186
738
29633
86751
32185
80018
1916
26529
57704
64103
24139
33711
30489
38400
90334
81432
62702
70050
12273
52023
46605
15670
70683
11562
55272
44453
89305
15039
54979
40035
38035
80595
50542
65200
34085
61663
11217
47372
87824
90081
74740
87875
90878
10582
11765
32233
68588
54334
28603
70586
24713
36839
50436
51834
60571
7510
83002
68128
89671
71660
33262
80266
88943
91265
54460
29047
17459
31691
90738
64976
6488
68858
22303
15452
53272
45959
4016
6798
17203
35531
87868
81989
34407
79465
7525
15512
85007
56425
3786
73588
94751
86263
84789
66631
11045
31552
48145
84419
28372
78378
86532
82944
22066
8066
51139
19463
21067
7346
15293
78644
12120
28079
56509
71230
60746
55433
80068
90927
4205
29164
74955
74899
20675
34157
12603
78410
46371
45551
82535
18695
80478
66291
45719
46415
30994
51514
43013
69591
92000
88176
6785
10134
14482
44116
43425
18554
94235
49341
46210
87599
83571
17991
41625
5233
23479
36240
83528
27424
79523
33617
85885
91103
52095
65504
62019
18733
17758
72801
39613
36225
7818
52199
33850
58912
11563
18129
30859
32389
1543
31912
46109
43464
57146
35902
6109
84164
54788
25701
15076
42119
57189
54893
66735
83745
16628
53880
63617
32306
91797
10244
93430
33881
60759
53041
27418
48558
89486
10433
62188
44090
82797
94086
65240
17606
49355
82668
21413
35646
2440
36906
92554
21545
69353
22783
64793
1775
59846
93439
83968
90762
29883
11640
10667
16146
12488
41210
73838
75896
45212
4556
58174
28062
17309
18619
14152
20517
41182
74025
49983
81876
78832
30280
77617
78705
76528
44514
77125
88574
52145
36947
57816
3430
94629
87121
13802
27745
24073
1402
74311
89446
26754
5766
52687
7188
4481
65213
81374
47106
89558
62037
18179
83193
76004
52647
48191
15343
74411
47567
15089
89161
5532
5798
7915
74760
93401
13002
38981
61050
67556
57938
80318
84405
21520
50977
50520
77186
38762
75596
49618
33668
32458
26601
25935
88930
38901
39612
42995
90619
2673
22122
81355
44469
38186
20878
20666
29262
68025
81808
79136
76032
88090
31410
19126
43975
45151
56322
88131
43642
89706
71670
61401
6982
64389
50109
28770
75971
87695
21940
67686
64765
31166
24248
80749
3574
34965
28530
16401
66523
45177
16130
37400
36008
47256
24204
15359
514
69196
38920
46709
30944
92649
43146
30319
20422
48583
90490
55914
8943
51518
33815
22616
14725
88541
84965
40575
33095
33363
6458
51724
40623
71546
84397
7155
80422
41763
1146
67463
5725
85023
10949
65020
27929
59968
36046
15434
41484
43802
69916
69378
31547
9540
31415
9135
43364
55588
67547
14806
94229
29317
20552
68910
31926
30469
54579
53347
10765
22078
456
72163
21520
88244
70745
55173
44065
57283
14106
29100
23926
5374
54258
67197
62266
25509
72585
78896
32661
15137
54822
63936
86660
35415
60092
31453
54557
72088
5619
8163
5746
71717
55190
83874
29236
41048
26215
35152
26788
92434
41631
90763
24241
91354
11389
22474
54018
1332
81700
79858
51548
35899
10478
78478
93239
64889
15368
13597
2598
18494
41227
62495
29320
41878
35353
54750
45667
17370
11653
29926
64781
73986
5242
12216
77854
44936
23675
1688
33061
82468
66736
75953
60785
16993
55948
578
68907
21104
72577
11261
56435
50977
82855
28716
66373
28710
27827
21796
7099
86360
14626
44867
18313
90378
91265
89859
82640
83685
65195
34144
247
57163
58080
1181
43200
33917
54758
68243
49540
4727
30483
3477
57711
73541
60143
33102
17179
69180
34022
89640
48919
79723
42651
20581
58651
83475
14197
71937
47931
36617
62721
51958
93293
91239
5062
72048
28609
27399
79825
72811
92141
5405
56290
45558
54310
16305
89521
40491
50702
78255
79864
85941
45891
82237
45852
16695
90304
65048
68128
1027
7743
83841
16295
9046
78075
67361
44151
5947
59741
81032
83066
66469
5107
57329
63550
64085
73932
90148
29782
5643
28211
11707
52315
92064
51979
31040
39898
80908
61148
42435
32058
27824
7544
3287
23967
14180
52725
47862
24119
6365
16170
51027
61246
21602
10281
45107
84223
73683
75737
61205
34748
20429
94414
36390
41820
45858
76467
38174
21312
92411
18178
13449
50118
3698
52615
94348
25393
63889
55022
84905
77635
75414
23318
84377
13278
59241
60877
30966
64213
29401
65942
63469
73866
34528
80131
71523
28827
35957
31667
35580
72091
60454
49255
4767
74208
63441
75198
56980
34636
93520
77787
27082
48838
4571
8108
68452
3768
32516
83449
14920
37705
88545
48482
5394
86409
51705
67877
86256
5096
6680
80176
3105
26482
78872
43031
60458
49533
2833
64867
31464
19486
36295
43312
85396
9680
53244
67048
87203
59865
24489
67905
74878
23243
30649
3960
66834
41180
55772
10441
45083
24985
2816
8841
59698
23098
9367
7709
83695
9126
89266
90841
15233
41008
46624
66912
22024
30291
86278
63863
14
85668
92898
13890
26414
10895
36947
59510
42178
64268
92276
93794
16456
60732
6732
78885
73480
14984
85300
3447
76378
80938
29569
7160
44628
28369
47720
37344
42953
90504
50492
3159
83926
30754
59278
36192
73112
75170
30689
6323
44987
1211
17972
32662
69818
80529
14822
51394
30304
21424
66927
55918
5094
72958
45943
5992
34401
57640
40825
65731
47141
37727
17439
78438
18452
89458
54707
78151
14147
34815
77644
45632
38966
36026
4923
14438
49965
83311
57528
53044
34736
79755
47722
28273
5634
49098
70763
56637
26476
64854
23593
61470
561
47672
67951
3635
21428
39783
49591
33994
77678
88372
21403
67659
47414
70158
43480
40569
4855
18202
25885
7037
77326
50444
92152
6210
59342
63811
9794
37696
36444
17091
93326
58949
35246
32943
77547
75489
21789
14699
44819
92270
29059
76174
27538
80686
31422
11017
69858
81233
40591
29396
88133
35690
91709
52833
68631
40469
11916
32333
85392
38511
83985
45024
45471
91147
78824
34016
69232
73671
64936
18621
77937
71422
64889
54437
17558
19983
42452
22458
24858
40979
71329
34576
70687
24464
76832
60711
1320
92864
46189
5092
45540
78636
71861
47556
78382
78566
31647
8417
25434
72578
72393
15756
2442
45280
52368
46707
84407
82660
24188
66961
46479
80146
77649
31511
93047
83890
61148
47824
77702
33509
2022
89514
73567
82618
10446
80427
20581
10695
35333
86602
53685
24059
91610
65118
89980
60205
14638
45129
6115
88456
48978
73137
16105
48195
22450
26349
3957
30364
4966
12941
50886
28816
26652
13860
16698
90773
61940
48424
11150
5
35941
88492
49298
675
52306
64191
89656
84252
7750
61845
20043
25044
83140
57644
14989
62970
91574
45441
11572
48554
22798
59440
830
68951
63608
24812
33672
39766
34071
70591
67612
69682
93120
8899
61658
1732
43494
51410
6476
1855
10670
12862
26651
66190
86757
48902
13987
38555
73425
75973
42756
58436
30111
43841
8535
58148
10707
16449
83103
57903
28996
54523
594
10339
90907
6535
7833
1852
70209
37835
2096
93299
22606
17401
1063
45804
52829
74660
7693
16009
10880
29196
88884
77791
16413
41545
38135
67899
75455
24138
91718
10606
14630
7156
655
71467
80334
1201
84794
64126
44408
5561
66230
7307
38065
11242
90984
32448
46345
79750
3444
76632
72507
65756
64081
87613
76726
15000
35465
49729
83051
74376
33379
36477
67187
59149
32849
51007
80423
26248
26633
23610
24130
91405
83884
49356
83262
18373
32343
83224
68161
31547
78205
72574
87996
55988
87409
69588
85068
62476
49181
92634
29997
1902
6651
56510
12318
39595
31493
71955
48431
23930
64088
33709
43018
8815
4793
15170
36238
13939
58687
76847
50698
66973
37175
28957
35773
45951
13588
28979
14419
15984
72211
5010
12721
69996
30630
73968
11372
85984
48836
91930
53298
45010
18418
10285
57888
64932
2958
52472
85226
51206
82193
41469
2694
74882
33613
50793
15128
76431
82548
59466
5174
82195
76534
22836
44388
28109
25995
21520
48119
81943
66830
88649
87527
43738
20294
53676
30772
2915
20143
13180
49680
27624
80982
12538
1583
34590
24730
15816
33772
47000
64086
18133
2297
81401
25442
87661
64896
53293
78014
72548
53079
68067
70099
35732
48250
69141
77007
88773
32104
39039
20164
81063
7267
85541
25214
46935
35409
88762
37966
51068
66957
25230
10202
22185
28862
11314
44022
36169
81880
15922
76499
37902
53990
5911
63749
66478
12583
6357
34588
40568
34764
45539
85572
50664
86339
54863
74501
70163
77125
19090
70272
13130
61570
61043
35808
36144
21315
91617
8987
47267
91971
26842
80566
86388
8157
74104
23427
34956
13006
51293
70832
73693
60877
1796
281
93425
37128
10038
2478
12965
58622
36065
28943
78437
72046
4788
25070
55772
77413
87790
64937
46472
86997
20790
56837
18320
50744
22904
39918
24354
83815
33358
79216
51440
44360
45599
1136
4542
38218
86641
11191
18751
4748
61572
115
18322
54233
4143
1559
30276
30474
42415
30647
8275
39564
27118
57858
15317
33152
12740
89644
67075
75597
35922
54485
15093
69303
67636
25418
82029
48620
66578
76459
91576
59312
34412
14574
46388
50357
81284
65856
68072
44484
30085
30020
58785
33408
5810
62589
63299
50673
58871
28993
37828
17187
49103
69852
50553
3739
40838
42558
23496
60678
87979
10289
27333
57539
657
86715
9105
51978
78471
46412
84452
27923
56764
47772
20158
83608
50174
80950
33303
4447
44498
41931
76633
26245
34716
37637
10659
84143
44908
14458
45243
79105
22040
75740
91308
48774
29842
5177
83659
16812
78217
9505
80392
36939
91567
83968
85670
52140
57428
22225
77967
10552
21804
80402
181
54077
4786
14311
38155
25097
5091
67191
892
46703
72889
75728
86819
47012
78090
60539
78246
70037
2260
88524
29129
49960
54404
59497
23188
55873
56537
82647
88661
86504
71410
62076
47309
2176
78673
15822
65257
25829
79526
81122
32093
70052
19667
92609
13284
75251
71010
89067
32648
80725
82484
41220
89117
84503
43382
23516
63421
67928
53583
55923
8564
47689
11973
35811
78165
80293
20824
70233
92073
19875
76105
70541
4946
82169
92878
40009
61045
80778
30225
93358
3874
17459
53123
65163
79070
40512
36778
83617
46068
9431
27984
90429
40891
68900
16205
42841
64256
50407
3949
92446
17107
60018
38883
81659
60609
27722
79554
78116
88349
29428
31668
48835
13563
9620
12327
22529
38199
16022
62930
75495
81918
61846
58744
53704
15385
56667
77421
82248
30467
34317
43557
30468
51900
63405
68483
49018
52883
26360
38499
6093
16604
10089
10998
71422
21541
60506
65747
72784
20276
31376
41847
85327
44943
1803
92999
78809
36795
35517
79726
40547
22801
13062
9650
80344
42534
18261
25262
69233
87431
93256
15215
18892
7723
6895
35035
36417
17157
88127
72918
29785
29545
69005
7772
87876
46090
87204
53597
23096
7338
13658
53154
65826
19999
42673
70447
11340
10255
56998
75173
27604
53007
28468
9824
11856
548
36126
41472
79132
62863
31410
7238
37645
319
36965
71528
36298
84540
60963
1644
15645
45827
25338
21052
61338
55073
90061
82215
70144
40322
6308
16414
46802
28880
22808
78749
62574
29973
43665
11228
17238
84534
9006
16978
89476
72912
29145
77512
85971
6641
39912
58157
65659
45945
15559
85739
89357
38539
44220
54756
23800
59919
88206
56564
11081
88078
64144
11516
11863
44125
8170
48587
62828
23823
19795
82563
64194
11598
71168
65221
73771
42437
86144
82486
12524
25519
56109
16944
34196
4880
83389
32018
77287
463
41373
6504
19916
66500
71410
61357
77918
62140
68461
83904
48435
64109
36599
25885
85555
80092
31759
45252
10108
56147
2507
47943
29410
82775
39293
68952
79038
74085
83382
83320
890
71144
9497
17229
8124
76015
10070
45990
34849
83014
28382
48773
87902
32005
83543
36813
78543
43438
38693
38687
48842
36495
92812
37249
23857
5437
31290
29258
41307
80605
36165
15638
58586
7712
18730
78776
7363
65586
81954
16717
27240
89191
86757
7162
89205
3499
41517
13819
22519
67992
80331
72843
77372
31615
69220
83913
36513
6607
40204
68259
52194
17870
85268
88050
58249
52838
19015
25383
16866
4603
73555
88651
84177
77111
76994
8156
72446
21315
43471
25436
14366
33490
52069
67483
47398
27837
49730
31863
59701
30875
51335
65131
44045
77161
75461
79506
21214
85413
35324
74587
45852
34379
5810
42364
20195
28507
38360
854
16073
3248
65060
3869
35514
62817
32157
87645
1236
25989
48891
62
65445
42859
11307
25999
2831
84709
34141
64318
58674
28908
73125
86629
70239
9033
36123
31128
74904
83914
65310
85840
29401
31559
43304
84133
85654
91124
10523
49690
41216
83589
30137
59554
14256
13389
79857
87688
51446
84404
54224
30706
24168
64880
40291
9930
22057
4111
26901
26221
18830
66952
2381
84086
53630
25659
3758
86790
88804
60706
2615
35050
38097
44727
42752
12702
36356
82172
4677
54165
27903
21963
1381
41502
37357
73038
86232
72989
42815
40490
53953
75231
20541
86213
12390
33138
17806
9505
50979
10559
30508
25613
47710
33178
16017
375
82400
56804
66923
14248
57127
86027
88120
58141
62661
20913
55533
33367
61020
43378
12708
54733
65853
68733
91888
49401
63371
48593
1121
55453
31370
28858
2737
3209
91826
7726
13924
26363
66037
44343
17344
31469
70640
58132
50747
351
22177
11651
34861
85313
32779
46312
12307
9198
54114
67043
27064
40220
23178
46538
38676
70962
65524
72183
67323
3072
16922
6992
88289
30917
74965
38072
19116
76384
17040
20445
16527
5573
13030
51274
32707
34230
17908
15182
24530
69894
3295
65251
59574
41635
43356
25315
36718
39957
29692
1208
82126
62735
50885
47197
42483
23321
38665
47913
88160
43715
76930
52709
44232
50818
60013
7103
52773
69705
86236
775
42606
77796
14204
34169
847
53372
43021
22960
18155
85962
71338
82859
88749
61211
78175
38507
28076
40117
72065
36574
29878
50252
39951
1117
2827
51595
46516
20520
71952
53162
45028
18696
3586
55618
20662
15767
90550
2145
28891
29725
58461
31013
64037
4937
5658
25235
87242
12558
37894
24826
1813
18892
20003
574
67955
88882
14446
67476
80655
17834
4046
20158
20914
62218
32094
11101
68510
38114
75507
70521
12210
43377
65266
1017
51777
87856
53869
65246
65093
9679
78685
62183
58483
29639
48670
47697
27956
57542
56156
17457
34033
54831
25906
44859
17107
9684
8826
69480
19525
36044
63046
45160
76141
4617
46239
18954
92534
45556
49191
77295
81232
23895
17523
9406
47125
30874
1607
76289
74740
56030
79195
26613
40224
91976
41431
88863
79456
46418
49272
7984
28908
45405
88669
78359
91601
13599
72996
238
90939
67071
77059
83507
5667
56802
90152
70812
37241
53587
41347
59143
60169
44227
88184
68148
47
80282
26710
14489
25645
31059
77267
68601
41274
14945
36834
82308
69456
21215
69291
27687
52934
5277
38658
33291
76864
86148
59305
78197
58019
76868
49667
67357
42840
11162
10271
79108
25165
65957
82659
39861
53494
41400
89542
74694
62265
79740
53992
29689
14218
60674
22745
13593
49679
78059
89806
89472
27453
60084
16580
55292
21325
69827
68356
59053
47087
8212
39318
33303
50078
52682
74159
38883
61969
59921
13478
66372
1206
7142
73368
79741
11387
15886
53159
66138
91683
24849
54056
11240
88540
91670
39380
18982
10962
36253
69797
86106
67304
4870
70920
54817
16306
26396
49503
63263
78660
84265
61251
21239
82632
17955
30665
70447
44505
18750
52310
57292
65809
12479
69323
65801
78100
8566
88446
16638
15182
42399
48589
17392
70482
19398
76604
44056
81321
14477
71332
4245
65033
11558
33106
78506
43308
50524
71860
38054
11073
43043
58124
92579
80307
13809
35460
54474
15112
64513
8429
88201
62902
58425
14145
81551
86448
73863
77527
56878
31746
75149
82472
13306
12807
65956
45441
58114
80131
82031
56481
67623
15807
35929
60330
13733
65241
28617
15205
33683
68647
17769
39403
31659
78627
31289
31430
76295
17905
23858
56287
7415
13491
56077
28885
17049
56835
32046
21040
46763
80878
22120
45845
27451
18009
57499
86804
24404
3478
35501
61985
13409
68547
63563
48477
1696
5365
61497
15647
85
8703
39387
44982
17672
34374
11297
2231
71814
62260
68705
89628
43256
66842
65574
75683
61599
77828
63542
11229
67892
25098
68728
13499
5062
64167
14467
8381
40203
35911
90029
9800
21807
69080
66198
20746
71509
64991
16742
25471
23925
5648
43103
29128
17518
11336
39579
27037
85937
46387
56159
83683
70874
73601
5056
65812
44736
67062
29318
34782
69873
50544
32746
7345
4931
5463
71048
2976
16402
41396
31436
27993
35882
80554
16959
395
58305
46715
29061
52412
4263
27766
18599
88884
83578
21064
56119
51896
59530
41571
3385
52204
20477
34113
9350
66544
71388
55672
25307
20390
74994
24731
191
39835
62577
7858
47710
58708
63740
34269
67782
84434
29768
725
10253
69002
88920
60170
44049
38463
60011
16528
83346
27346
8380
4506
11315
38795
22850
27288
8496
54943
48298
37443
44295
87649
17815
87500
36287
84260
50404
64734
33870
1638
81013
73333
67609
57202
61479
2396
576
24848
41294
38161
69528
34408
37530
37760
27117
69667
35694
28164
78998
67968
25806
82096
50061
37761
17606
28251
44801
23250
39029
1832
21829
86659
45692
39258
22138
57147
72588
51175
61609
75257
69464
66017
75242
8174
17458
47203
43038
20057
2630
70240
84629
74055
85041
24032
46149
63818
48780
22717
62913
52111
30026
12180
3211
1361
33146
84931
31094
71381
60859
90879
56536
11242
4826
30708
52869
51119
29234
32613
90095
74046
62064
6441
81202
77754
63880
23634
54616
20427
5992
25934
65763
51163
89512
79415
11959
5349
85992
48402
37505
3221
52855
74077
49723
37637
76069
60627
26210
61999
48179
43876
38010
78685
58434
34433
48979
52976
44678
25160
5127
43471
67402
37635
58440
57571
73442
35958
79113
5942
1245
54625
5507
85893
82117
42756
77430
16785
45639
21064
2280
47167
39508
79724
76721
49238
64174
3894
18698
87756
14848
43600
56917
24857
78939
17935
1371
5148
15110
59581
29267
62804
53673
33550
92231
64585
65160
3000
86315
41770
30730
14755
8404
66304
32151
60076
16352
17491
79351
84984
12122
60017
34890
4305
15748
64636
48005
86533
26897
76790
5686
24767
31275
2308
49584
38561
25352
65576
78357
12870
44787
45578
80633
27409
14646
60248
66568
8200
36539
3328
56945
41685
24808
6097
8920
50553
35351
62410
32046
55169
5853
16279
10758
21217
785
5605
46842
76621
67461
46685
80288
48381
27962
2689
38393
83743
12641
71867
4445
66847
75925
73437
42029
23324
52768
31301
55837
64919
88304
8655
5664
25199
35422
31849
7411
5216
6370
41350
15716
3956
27671
44750
59693
10232
47980
11481
26060
13331
12534
79291
32576
21374
35926
86793
47201
48602
84138
39779
37934
1803
90165
64704
45673
52511
46632
90784
89353
7784
27218
65885
68320
60187
25189
90533
24143
21318
83959
83158
6651
38942
46686
45284
40358
47174
59470
6419
48639
88819
90546
34611
66782
2290
30826
61133
57300
42114
33860
59965
46260
18156
66993
23686
43640
24082
24172
84097
84843
54699
26975
1904
79991
25797
52513
5536
62058
27125
56503
9851
51582
33384
74584
57946
6178
63505
30571
16661
28910
20760
34197
59126
65263
15794
44131
59118
88319
81856
6348
3287
1028
42537
44623
37186
27243
56530
5416
83707
57985
55992
85091
66735
19558
14792
44292
69493
82030
89178
55313
20751
67013
40122
64895
73236
19319
60499
91934
25074
26937
69985
36208
67381
65791
81896
16143
16208
60731
60226
78137
5547
30094
23717
4018
69339
38747
4603
2923
17327
13942
24041
17044
62125
89983
46406
86068
68159
69487
33164
53149
31994
45734
73702
34719
33187
24384
75315
59496
35088
68075
18425
2688
81153
78183
2550
43831
88680
29297
21112
65873
85819
12141
42653
53180
13604
40734
41555
59139
16711
13604
89356
55650
11983
31954
53867
56224
53011
77882
4680
67323
35182
39831
75084
42233
47681
48726
4496
51974
58466
27861
13647
44185
6685
1415
13685
44699
6339
85092
74585
44630
24412
45274
11705
70338
44519
61210
84310
74290
81218
25682
11096
59297
58259
22996
9417
63737
67887
72335
49237
67231
83250
58661
14486
80728
41908
31098
43415
27315
12028
73736
52050
75948
31911
58228
7148
7038
57395
88037
4179
1825
46003
3676
37090
1483
18273
8808
89922
58748
58789
6376
19633
3880
70619
36627
62679
80165
43848
84920
71702
19047
15052
85218
44367
59234
8275
17391
28589
25193
77588
74086
5429
36344
34229
91163
9515
67973
87453
89085
75747
54411
13177
27043
73214
48067
20705
53786
78915
50169
53600
16822
60647
75901
78219
57235
22878
60096
65887
8071
23354
89189
77174
21511
45713
73134
16027
85252
67179
30392
28599
44206
22711
58588
16798
45148
27598
26785
86114
34294
18961
6635
90748
30343
60389
88739
17123
87005
77916
58869
66723
12688
19511
32805
36806
48756
73206
59468
59093
27499
9068
51690
2705
79323
41172
43433
9875
28968
47028
36228
13140
34347
64991
18911
59524
7104
70055
62283
13781
38958
72739
367
70785
35565
46568
29293
64160
69967
91694
22859
43317
18452
77224
61271
38854
4036
20096
54881
40871
28707
88934
53078
78465
87150
36591
37056
70498
63893
90439
84521
82094
88617
88178
56922
71751
29066
88209
26470
41040
2853
32683
26204
19667
86098
78784
34414
81012
9830
51404
11788
13461
21433
74906
27089
35306
60397
87619
44603
10371
86585
66016
58619
59865
65270
10839
73752
47104
29485
82226
15439
12439
30195
49912
62101
55305
5913
73352
39800
29385
10743
40579
33603
46067
22493
55598
25455
59207
45918
52718
11906
16961
57953
5008
44215
41134
21829
8798
83591
88489
44880
25412
85452
66225
41404
81905
82397
39318
44255
43515
86199
76499
56021
44928
79072
89351
55676
31360
18900
2338
31420
24796
82829
84655
41921
73007
75430
41262
78862
73
84568
27350
45544
62656
4404
39166
14492
57494
90527
75575
73350
19489
77828
12606
33703
43658
23017
37949
26793
21677
8437
12581
25579
81694
11707
58575
5772
49325
87886
20980
83949
5836
40237
35276
22960
33143
5192
19844
56223
89417
1551
13928
63874
47952
41189
42635
17757
85825
19210
89898
63122
56886
13258
70489
11755
66965
25154
40593
57783
28826
25155
15689
63655
29928
17285
74771
66893
79949
26370
37001
53033
28756
81889
8040
26504
11985
62005
27318
20091
46633
12024
14116
20048
39940
90137
58999
59164
50764
4401
478
10293
2755
54260
85667
46571
34345
51241
88363
10867
8140
986
60853
47330
75630
37996
12081
77356
4431
83372
65166
89001
44851
88663
39863
24826
64944
9899
29490
9907
53955
11357
16412
58876
31818
44147
40160
64837
37734
1398
60050
82525
64777
59473
81413
39239
67662
85262
31607
57938
63691
33389
4815
4396
75473
74508
19457
85378
78138
4565
74217
58122
50569
28028
88597
19966
2382
78906
32429
47373
52961
88219
17514
8592
62898
61060
15380
53483
81719
15076
60907
65405
27191
36235
48017
84850
38518
39256
32369
29733
45021
18967
73490
69315
78405
8845
17899
74863
24397
68111
10198
163
49416
51114
30384
34375
75078
19505
69241
69858
35580
22047
46908
48114
62424
23840
8069
24685
71808
69506
78839
13334
8530
80074
61585
48561
19419
5495
60075
20069
78116
33180
77703
65147
72740
44768
17497
77712
41878
56877
72846
6732
48886
42429
30713
91349
70605
89478
6453
63160
12112
2618
84321
31234
72124
2034
11363
89804
54627
331
67969
7409
69437
28305
69843
74674
8195
57682
85704
39341
36331
37968
51630
86185
85918
74641
63574
47625
73255
86088
3713
54159
54581
69081
10028
24613
26332
26583
70233
24168
75084
14940
5533
4810
59390
71224
59920
51758
12307
22489
36281
46586
43725
37669
2050
61221
13997
41171
10447
80579
79051
51668
75834
5786
44521
79557
2940
26187
6041
4286
60314
18702
40602
10859
69699
55138
16217
7990
3215
90349
45486
27784
26700
1909
70347
42424
5980
52049
68936
56769
84383
14982
60026
1962
260
45054
49676
66712
45697
375
52866
74093
39820
87368
60270
8473
67316
83118
87054
19595
86495
70130
71634
90285
6505
63303
88709
36092
79527
7195
1088
24227
29495
6520
86380
63864
85759
37921
38620
14816
27057
1669
46543
14917
1853
27828
79978
8554
36256
15266
18974
47603
7557
62969
27731
88275
31176
66799
40463
41528
60154
89145
70348
12613
47633
80346
85155
72094
4722
30081
19870
38087
74145
85387
38862
39109
68746
77497
41581
70031
3322
28369
80965
75716
46390
71859
54528
78107
8274
29863
32051
81954
28033
23470
54039
84540
54157
30083
47437
39284
953
13433
60632
82566
57146
72083
627
504
28297
68403
71095
4047
84798
37968
5732
40716
15767
24714
47754
81110
36867
42868
87232
41564
81754
57966
11721
89982
59093
24117
12004
5032
1395
12101
80386
9671
80758
10690
74427
17515
53480
49466
2159
3600
39473
88690
21589
9818
14454
88868
42419
44121
31995
25642
67224
85949
52047
605
85977
71834
42353
70565
48236
25917
58577
87489
59429
53413
73672
2635
6047
57682
49625
71942
55723
22721
6364
58636
45164
23722
62625
10991
63450
47950
36015
59684
76058
41011
33967
46604
89760
13075
90729
79590
49081
49779
59967
11441
39352
48257
35993
32739
18173
26570
78277
56304
74064
66654
89718
35762
11971
71454
40444
69061
26019
28366
14120
81023
44733
59754
82778
77849
52713
57804
16139
75438
41483
9454
40240
14586
49764
27392
63113
1838
44441
14469
85291
45763
59229
53470
41599
73784
79980
82330
47989
75621
28263
17838
33920
65542
5354
76498
23421
34774
39661
1786
712
3854
85892
54026
63613
39815
61492
2072
29379
75159
31671
29209
79201
23506
11826
32575
38315
84945
30919
31980
4509
76336
79825
67641
49971
12838
4207
5801
13569
85542
50854
34923
41715
27437
60621
85415
32333
1507
23060
16162
39818
17571
4964
1696
79141
40995
68252
51445
81642
66097
38994
39859
4101
23560
68013
67450
26513
32235
53389
33707
74640
77825
49659
71886
28050
63101
35760
37388
28686
48108
44117
75008
43859
54006
13618
52559
21862
40698
89987
85041
15396
87214
4284
61927
12897
33387
54955
48073
26495
46681
72563
39072
88574
30847
58129
88918
70950
38195
15488
71035
10745
39237
72444
54028
28404
43571
794
19698
43376
61169
87258
84299
60843
27226
55252
72024
28852
43611
27636
54471
68843
11731
6183
58805
43373
57425
60708
78364
65125
62322
88305
50616
70294
37079
33117
53926
68328
47991
9331
30250
36531
29685
45529
83372
90528
47562
34003
77084
51514
61430
56359
88472
75741
6534
79513
48226
27584
1821
50898
25651
10513
4751
43011
24411
5545
55348
67495
19237
21063
53701
54777
2172
37839
67327
77604
68562
89514
37905
39892
21383
14813
7523
59253
13564
13156
87317
44453
89577
16161
58649
6650
18069
62981
65982
36854
85831
17976
42086
17868
13421
77298
72675
39586
47325
32394
64222
58032
35365
12460
36292
84573
16600
18137
34578
44628
54495
76385
75309
40178
53729
6212
35752
84362
84769
77136
56658
12944
28046
51556
20452
54510
30259
70047
14915
11315
63506
9401
58138
35342
26924
20691
64887
11484
24335
85519
32948
56685
19431
85576
8090
28913
12453
30598
85102
82017
83884
32240
1696
11912
14359
74881
85349
58373
5937
84353
9953
26107
90225
68777
30275
42037
63673
89441
14109
54755
15196
3957
63839
5948
18667
3968
55543
6889
45271
4497
58599
80964
6323
54558
8476
18912
54233
43459
17867
84712
43085
23508
37586
9173
36143
17368
82109
15307
71841
67368
28971
69590
68729
632
36161
2507
6593
19622
87425
73708
41550
76132
65919
84249
76801
55347
79321
27057
12496
45987
57158
68086
35804
574
52298
89756
22494
90035
49244
16106
23706
673
19733
42045
90474
69425
21449
65256
8006
56837
32004
43000
76582
38103
69059
73160
79380
24606
41868
69615
84696
38365
18364
60990
22234
76607
43389
56585
14552
87833
24545
24748
89131
26543
40718
75433
28721
58972
79339
6795
22557
32463
66715
35656
3983
56523
11909
59175
76109
85032
29817
54418
62502
40007
82519
72761
90640
45779
5494
22515
49919
56309
67346
33129
1207
33100
17899
22404
46856
66843
7247
85876
43322
5507
15299
17060
78712
47436
71483
20883
87599
3274
83059
34949
22246
23541
59333
67047
54786
80323
43258
18122
942
77379
75889
34358
63666
28329
4608
80994
21576
35379
65369
727
37530
81274
8568
39782
36035
22407
12392
53701
22401
89041
46575
12516
64618
16335
70636
81309
51595
83261
38428
29723
84463
304
16321
77334
65665
53847
15296
22746
20915
45163
62009
26576
35539
75372
60781
20571
48956
55492
47544
63457
5186
20701
7233
84914
41562
46010
43431
58895
12734
53551
17994
48682
11244
48277
30335
13865
16001
8010
76192
27557
56303
46454
10668
3919
21059
19005
37407
33213
60513
73191
62371
11399
58741
63959
15500
47395
41066
76056
40278
32213
26887
73335
53789
51209
44557
29889
67289
9652
49035
79850
20596
6111
68429
26537
72517
15864
2417
43663
36626
80654
83662
56079
83258
32369
1423
32499
68341
52440
67535
80856
77126
60109
34245
77140
54572
53852
18378
71832
53220
35407
81342
60443
26767
2500
57689
5030
67260
37180
85328
1882
40001
24397
18249
50090
59235
43924
69918
6721
37760
64262
1693
88249
34597
63619
25341
15206
89481
15030
19484
65718
56241
13427
874
24822
48454
31911
40697
70336
30825
21090
5472
17900
2753
72538
70188
6286
70892
20122
18629
63318
84176
13810
9887
49398
89029
59743
73770
87251
51985
12268
26623
36429
10395
53087
12514
49368
55341
76334
79433
31048
51840
57032
24535
80136
82182
65635
314
2017
63084
40647
28969
52690
4698
26863
22602
81038
83124
24135
16295
13740
72167
24300
75085
60189
1242
3242
66164
16142
62999
18919
66201
17900
49357
6436
84779
51030
31171
73019
49893
88327
29283
32314
39160
52408
70850
77672
84515
52774
9924
19593
56522
56082
17328
48663
50016
66065
34962
53032
65242
8706
76761
13051
51895
23842
2681
2148
60701
57641
58429
11288
74527
28930
36213
23913
4155
35334
8011
33892
22017
19501
89373
68001
79536
58779
73912
34882
79022
64103
48443
20006
88247
85605
39430
11337
17585
74410
52370
33604
46660
52876
73992
37751
67650
36086
83654
3264
89769
66041
88890
88074
7072
83941
89965
68416
83027
45704
55627
52639
18503
49497
35317
80311
43832
16489
29556
1324
71400
85374
83054
64571
37060
35948
37719
74547
1945
80498
83459
77745
10535
81173
54802
89184
32199
75502
53837
39166
20265
77348
35988
22550
75697
39460
88861
18984
52333
41934
48180
87990
76332
10330
84748
84480
39461
37349
70879
65916
45876
70498
27742
72786
64684
40077
66072
64644
51388
38756
57978
31927
48632
17663
52184
8983
7761
860
21326
29303
41553
18362
86493
75706
56915
2916
39976
47020
19493
76636
8764
82307
48901
38266
41881
39017
4497
71871
64400
81922
64137
36377
15338
30894
56144
41751
68594
87280
27969
60761
14748
10797
33023
16258
45793
18242
68683
62789
44439
78198
48469
33656
43281
60735
32358
27053
41415
7919
27265
27056
45566
53650
78323
36843
59779
2326
30850
41794
35575
16258
9145
25835
81363
81144
24246
29937
65461
69656
73480
54831
63767
46186
53410
81399
64179
40803
3603
18527
87868
56223
148
86958
44453
29891
52340
31835
16412
12398
51262
48586
9115
57892
48726
47298
23943
64272
47127
63292
11788
26062
59853
55935
2262
35157
9364
19554
78077
44184
62309
65926
64457
78705
26027
23580
12522
50429
5641
86417
80414
85324
16855
84327
70121
88586
80927
37539
45436
45430
1181
41698
56988
39226
46730
17016
86198
53582
74765
44848
28988
43654
74752
13279
76592
84467
69079
72214
10528
37963
65455
14706
6003
43415
5722
36550
74470
68473
79936
5046
69015
29474
14946
55065
19862
16005
29075
5439
32689
4591
40704
11414
32020
54452
33433
15052
37903
49945
157
14380
44956
59614
34098
87258
39496
45696
5802
72012
79574
38692
22672
8035
25046
84869
37131
88703
72433
44890
79908
23582
76986
20019
4039
10972
60145
2118
73118
66858
26060
51948
14914
36705
83394
83388
77668
33611
89690
46394
64204
57419
22340
79553
43169
65066
42047
45825
64239
4009
58079
8174
89387
59670
47878
84084
14076
35759
20486
13439
51323
39616
15277
24030
13588
17292
4086
