4000
6700
11300
19900
11900
8700
17300
4100
14600
10500
5900
19400
10100
13200
11500
11400
13200
10400
6100
15100
4000
9300
9000
6900
4200
8300
10200
3700
7100
17900
6300
7700
6000
18400
19000
13100
8500
14400
5700
12900
12900
16000
8700
6200
16300
4800
4500
8200
4700
6000
10000
12300
9700
11700
7300
19800
5200
16000
9400
6800
13900
10000
7100
9600
13300
7000
9000
16100
6100
6600
3300
15700
17100
20100
6700
5900
18700
12200
12300
8100
7700
18400
4100
12100
16700
19200
6900
7500
6000
10600
18500
8400
8800
7600
13100
3900
9400
6300
11400
17400
6600
11200
11100
13300
10600
19600
15500
14800
10600
9900
9800
3600
8600
8400
6600
4500
4500
4500
17000
17400
5300
18400
11000
13000
16500
12200
19500
13600
16100
17000
10000
17600
7000
4400
3400
11000
13400
14900
13800
5600
4500
10400
13800
5600
3600
6800
7100
16900
10000
18100
19100
17900
7400
9700
5600
5300
16600
16000
17000
8100
13300
17800
12200
4000
16700
12800
6800
11900
6700
15500
5900
11100
13500
3500
15200
7100
5300
17300
7300
16200
10400
3700
7400
18900
10800
10900
7900
15000
10400
14300
6600
13200
11300
13200
13000
3800
18800
9900
7300
3500
6400
8000
15500
7500
13600
9700
15000
5200
5400
10400
4800
6200
5200
3800
9500
15500
4400
6100
15700
6200
11000
3800
7500
18700
9600
13700
9700
5200
16500
17500
13100
14700
11100
10900
7700
7800
15600
11300
12200
18100
16800
15100
5300
15900
10200
17300
17500
17100
9400
10900
4600
8200
15900
6200
6900
12700
17600
10800
15200
6600
7300
12600
7800
17600
17900
17200
5100
15400
14100
7500
19400
14300
6800
13800
8800
10100
12600
12800
16900
17100
3900
11400
18800
5600
12600
5900
17500
17500
6600
19000
12900
7800
19400
12200
7000
8800
16000
8400
15900
18500
7400
10100
18100
19100
8200
16200
11300
13900
14100
9200
13500
4000
12700
8100
5600
10700
6100
9300
5500
11400
3700
22300
15700
16300
9600
16300
4700
7600
18500
16500
4500
13100
9800
16500
4900
13000
6600
8200
13000
15400
11900
15600
6000
5200
7400
6500
16400
9300
6800
5700
7600
15500
6200
14900
4000
3800
4900
16800
9700
18800
4200
11000
15600
14400
5500
6300
17200
6500
6600
4200
5200
9400
9800
13600
17800
7400
15800
8300
8100
10900
9000
7100
4400
14000
19100
18400
8900
15800
15900
3600
11100
16200
12400
11100
18200
6700
7100
4400
14800
7600
18300
9200
8200
6900
13300
17900
4500
13600
15800
16100
9500
13100
13400
14700
5800
11200
6400
10900
16100
8100
4100
12800
13500
3900
9600
20500
17000
9800
16500
14400
5000
16400
12700
6100
15700
9200
7900
15700
8400
9000
8200
13500
14000
10000
13800
15300
9000
18500
13300
12000
9900
7300
9300
7300
14800
9200
12400
8700
3300
3700
8100
10900
15000
12100
16100
8600
15700
5600
7600
6400
12200
6300
12000
6200
9100
6000
9800
5100
15300
16500
10700
7400
6700
11200
10900
10500
14200
13600
11600
12800
11200
10600
13000
5200
14100
8700
14300
14500
10500
9500
10200
9500
7100
5100
6700
17400
9000
6200
6500
13300
25200
19700
23900
15300
14500
10900
14200
21300
12600
12700
19300
9300
21100
29400
6500
16300
45800
12300
28400
6800
24700
32800
22800
24900
17100
11700
11500
16800
13200
4500
23200
25200
11400
23200
11500
16400
22800
16000
14300
16300
15100
10700
20100
3800
10400
5700
17000
6600
23100
10300
5100
13100
12500
11700
13900
11700
16700
10100
4300
13300
15300
18600
16200
9300
12600
17500
15300
4500
11500
19100
11600
18500
14000
18000
15200
9100
8000
3700
11300
4900
11200
12600
11600
5000
6000
10800
21100
14400
14500
11700
5900
20000
10100
5700
12800
15300
15800
16200
14400
11800
4100
11100
14100
8000
18900
17000
13400
9000
7300
3500
19100
19000
18500
6300
12800
13800
6100
7700
16800
15900
18600
3400
9800
19300
10100
10600
12900
8500
4700
17900
6200
6800
11000
15600
10800
7300
13200
3400
10000
10700
4500
11000
9600
4100
17500
18800
13600
4900
3900
14200
8400
19000
6500
9300
6700
13900
4000
8600
14600
9100
6200
4500
22100
8000
9900
8000
16900
9500
16400
13400
8600
12700
10600
4000
18800
3700
14700
6500
5100
18200
5300
17800
5100
16100
8300
4400
10900
14500
18000
10700
16800
8100
7600
17600
5700
8700
8300
17900
4600
6000
9700
6800
3200
9100
6000
3500
14100
9000
10300
8000
6500
4700
7300
5900
18100
11200
6700
4400
11700
20600
15800
5900
5600
11400
4000
7000
5700
15200
5500
12500
7300
18800
17500
12000
10200
14800
16200
6900
7200
15200
5700
13900
13600
8700
6100
17000
12000
11800
6500
8000
11900
11500
16100
11300
14800
7500
9100
17600
7000
6400
17200
8800
6200
17100
17800
3700
7800
18300
5800
10900
10600
3100
20400
6400
13700
15400
16500
7300
13400
7500
17300
15800
13100
10000
7600
5700
12300
9900
10300
8100
6200
18000
13300
17100
9800
18400
16000
11300
5300
3300
15200
16800
6000
14100
16000
16800
3500
15700
4200
10900
19100
18100
9700
4500
5500
12100
12800
13800
3800
4900
20000
14800
13300
17700
10000
6900
24000
10800
14500
12800
10600
15900
12400
7300
10600
14900
5900
4000
6300
13600
18200
9600
6300
5500
9500
7700
16200
5300
11400
3800
14800
14300
13600
18300
14100
7300
9900
17300
8600
10200
13500
15500
13400
14500
3500
6600
10900
15900
8100
11200
13600
9800
7900
8100
11500
16300
7700
3500
13200
14400
10800
10800
19300
8300
10500
4300
15600
10300
4500
18600
3900
10000
11200
12800
10800
3800
9800
10900
15600
10300
14500
8500
7300
8600
5000
10100
11400
5100
10800
8400
18900
6300
14400
10600
9800
17900
16000
5600
6700
19700
17500
5700
3400
10700
11900
7200
17500
3900
16500
13700
13800
9000
3400
3200
7400
18000
13200
8600
18500
13200
10400
5900
18900
8200
3600
7400
10400
13300
5600
6200
12600
18300
13100
13000
3300
7800
16400
9600
10400
16600
18400
10200
6500
8200
9700
14300
13100
10700
18500
16700
18300
16600
3700
4800
7700
8700
11900
3500
12800
6500
13600
11700
11000
12600
5100
15300
15200
12800
5300
4400
8800
8400
14700
7400
10100
11700
4300
8000
15100
5600
15700
6500
7100
5000
7300
4800
15500
6000
12700
5100
5000
13800
11700
15900
10700
14400
8600
11200
9400
13600
6300
14400
9100
14000
5500
6300
12900
9100
15500
21300
14800
6800
4500
6700
11000
10900
13100
10800
7500
16300
5400
6300
16500
7500
9600
6900
6900
18400
8100
14900
13600
4800
8300
4700
11100
8800
9400
14100
9100
4500
14600
10800
9600
16100
3700
5100
4800
9700
3400
5900
8600
19000
4500
16900
11400
7400
16700
3700
8100
14200
8300
10900
9500
18000
12800
7800
11300
6000
3600
6300
13200
5900
7100
15500
8000
5200
9100
5900
9500
4700
17500
17000
14200
8300
6700
12000
18800
5600
4800
14900
7500
7900
17700
11200
5300
7700
13600
12300
6300
16200
10300
16200
4200
12700
13800
10800
7100
14900
4900
18200
9500
10300
18600
7200
6600
6900
11600
10000
5000
12800
6900
12500
9500
14500
6500
8600
4000
8800
11500
15200
6600
15800
8200
4500
3500
12100
11900
7200
14000
18600
16900
9200
19800
15800
18500
5200
7600
16100
12000
10800
18400
4800
11300
14500
11000
8500
13200
8600
8100
10200
5700
16000
11600
14900
17300
16900
8500
4700
18200
17600
8200
13600
15200
4800
9500
18300
15100
6100
3700
4200
9400
19000
6700
15200
3800
15700
7400
11200
4800
5400
11600
5400
5300
10300
7900
18900
5900
9300
19300
7700
12600
19400
10200
5700
6600
6100
14700
3600
19100
6000
11600
9700
18800
16700
8600
9600
17300
12900
9400
6500
19400
12100
13700
8900
3700
6300
18500
15400
13600
5400
19500
16900
9300
15800
14200
8700
15300
13300
3600
12400
8200
4200
6700
9000
7100
5700
3700
5600
15500
10800
13200
15000
5400
6000
16100
3800
8200
19700
13200
17700
4500
4700
8400
10900
8700
9600
10700
16500
6000
4200
6400
9500
5200
6200
11500
9300
10300
6800
13900
7500
16700
8700
6400
15100
17000
4700
13800
3700
10900
9100
14000
10200
8400
14000
15500
9800
12600
25000
37900
45800
25400
16300
32800
33500
35000
54500
30900
17800
31300
25900
42200
12300
10900
6800
14200
15900
11700
10100
11400
9000
14600
7300
19700
5300
20600
16800
13100
14300
6300
14700
6100
6700
5600
18600
16000
7900
4200
17900
5600
9600
5700
6700
10100
5200
15000
5800
7100
17300
11100
14000
12200
9500
4400
7900
3400
7100
17000
4000
4300
10200
17600
6500
9700
6100
19100
14600
13000
7600
16200
8900
3900
12800
10000
10300
13300
13800
13100
5600
9500
6700
4800
6900
5900
18700
5000
7500
16700
14000
5000
8300
18500
17900
13100
4300
8300
14400
16500
5100
8800
12200
3300
4900
13500
7500
12500
10800
9400
12300
9200
10500
12000
7900
14800
11200
9300
13900
4000
16500
7200
13700
5600
16600
10000
10200
6600
7300
19200
13200
5000
10600
11300
14100
20700
4100
18900
10300
11700
8500
12300
27900
32200
28700
25800
36900
53800
22600
36800
45600
42400
27600
59000
22900
36600
35700
15300
23100
41400
16200
9300
18200
4900
10300
13000
9600
14800
4500
17500
20600
17700
7700
7400
14400
12400
9000
6300
9600
8100
3300
10800
18500
11800
11700
9500
16600
10400
10500
13900
4600
7000
18900
5600
5200
3500
11200
12800
8000
4900
14000
9100
9000
3600
11400
19000
5500
19500
6900
6000
10900
10400
17700
15200
14900
7600
8900
11900
16700
16900
16200
5500
5800
8500
20900
19000
24000
14900
3500
15500
19500
15300
17100
4900
10600
4700
9200
5900
12300
10000
11200
16200
11300
12600
18300
8200
4500
9600
16200
6700
13400
19700
8500
15200
8400
12300
17200
7500
7500
4200
20400
13900
17900
3600
17100
15000
6400
18400
17200
15200
10600
6100
7900
7500
8600
20000
4200
14700
6200
7800
18000
16600
7200
17400
16400
13500
14600
6500
21700
44300
34700
29900
12000
19500
9800
9800
27800
18600
15000
16900
50900
16600
24100
24000
32200
20200
32400
15700
18100
7800
10300
17400
4600
4400
4800
3800
17800
15100
13900
4300
6600
15200
10900
10000
18600
17000
9700
18400
4700
7200
4000
4600
15600
18200
4600
8100
9600
15600
14200
10900
9900
18400
18700
12600
14900
5300
5700
16800
6800
16600
12400
13500
12300
16700
10500
4500
11100
15800
9600
3600
18300
10000
5600
13000
18100
11700
12200
16900
5100
18300
10300
11900
9500
7100
18000
17500
10700
10800
18200
6700
7100
16200
17700
6700
11600
16100
13700
17500
11700
12500
15000
7300
7500
3800
5800
3400
9700
3300
13300
11200
5100
3600
18000
3300
13800
6900
15700
16300
18300
8300
16200
12800
16300
7000
10600
9700
10700
9300
4800
5900
7100
10200
10100
6300
9000
14700
19200
3900
15300
10000
6600
4100
12900
5300
10500
3700
4600
8000
12600
11600
5900
15400
3500
5100
15600
10900
11200
6700
15900
11300
6200
6700
14600
10400
5800
18500
10900
13700
12300
9100
17100
4500
17900
15900
6300
16700
9900
16200
4700
18000
5400
5300
7900
17500
6900
10400
11300
6800
18600
6900
18100
4900
4600
11500
10900
9500
8100
10100
18200
7000
4700
18100
8500
8500
8400
6000
17000
10200
15900
7200
11600
14800
14000
15400
17600
16300
11800
8700
15100
5600
10300
6000
14000
5700
9600
9900
6800
4400
11600
12500
9600
13500
17700
5600
11500
9500
12700
4000
4400
7700
7800
12800
7000
16900
10900
7900
10300
5600
6400
9300
5800
10400
18300
14800
8900
17000
9700
10400
35500
22800
8100
31700
12800
44100
22200
11700
37400
29900
24500
27800
32500
31700
7800
19500
23800
23000
19500
42300
34600
22000
14700
34900
47400
10700
6100
11100
21100
7800
4900
12200
16200
17800
21900
9400
6600
21200
4200
4800
13500
11100
10500
13400
11000
13600
15900
6200
11900
16800
6500
9100
9400
15600
6600
7900
14100
20400
4400
12100
12900
20700
6000
7300
16200
16100
4600
10800
15000
4600
20700
6500
12300
19700
19700
10300
12600
8600
9200
14400
10400
12800
19600
21800
8100
7300
18000
7600
14400
13000
16700
5900
8200
20700
6900
20800
12900
18900
11900
5700
5600
21200
17500
14400
13600
16900
18600
8800
13400
10300
19500
10700
17400
4400
12700
3800
3800
5900
20700
14400
16500
19300
7000
11700
17400
18100
20100
9100
16100
11300
18600
8300
14900
14500
16200
12200
11500
6700
11400
6100
17800
9700
10400
9800
4300
8500
17300
5700
13300
8500
9100
10400
10100
10900
19000
9100
10400
13500
13900
11800
4500
11000
8200
10000
5100
16900
6800
19300
17800
11000
3900
16200
19800
10800
11300
20200
11700
17000
18900
15200
16300
19100
6300
11700
15900
18000
14000
11300
17100
7200
14000
5200
13700
4000
8200
10800
19100
5000
19100
17900
13400
21400
5400
19500
7800
12600
15900
7800
17200
24800
21500
6800
21100
21200
4200
8600
18400
18700
14900
10400
11300
7400
4400
21000
16000
17800
10900
14600
16700
20300
11200
20500
15400
20200
16000
18200
3900
9100
4000
12200
4400
19600
10500
6200
19800
11200
14900
11000
15600
6500
18700
15700
4100
17200
4700
12900
13800
10900
5300
4500
11900
5400
12800
13400
10900
16100
3900
17400
17700
12000
20200
14500
18400
19500
18500
10200
17400
6800
7400
11600
12800
5900
7300
17300
5800
9100
11700
16000
13800
15100
12600
9500
10600
21100
18400
19500
11300
7300
9100
5100
11000
11000
8500
9600
7000
14400
17900
6500
7700
8100
14300
13400
18200
5000
21000
4400
6800
17100
7800
15200
5100
14100
21600
17000
12600
14400
18600
14600
12600
9500
9200
7100
17300
29000
14500
10100
19000
6000
12900
15600
10700
17800
6700
18700
13700
25400
4400
28500
15800
8900
4100
5900
20000
15900
18700
20000
7300
13400
22200
7500
11500
15800
20200
20900
19800
12800
16000
6800
12800
10600
8700
4300
21100
16700
12600
8100
18800
4800
8600
18900
11000
4900
7300
5500
8600
15500
8800
10400
11000
4300
5400
15000
18000
5400
11900
12700
18500
19900
21800
9200
7100
21000
4100
12000
4700
8700
6500
19900
17000
19200
18300
5100
18700
18200
17300
12500
9300
17400
8500
7600
19600
8600
8400
17500
7500
16000
16100
9100
10500
8500
5600
17800
16100
12800
8600
21700
10400
10000
14000
21700
7400
19600
6200
15900
15900
21900
12100
7600
8400
11900
13600
19000
15800
6400
3900
3800
5600
14300
14500
14100
7300
7400
12500
17700
12100
23700
7500
9100
16100
12600
21500
10600
6500
16900
18900
7500
18500
6500
8600
9300
11000
9700
18100
11700
21600
6400
14000
19900
8100
8700
18300
4000
11900
23200
11600
17700
12400
20700
6600
16800
5000
9800
18800
15200
14900
9600
7600
6000
7500
4900
6800
4400
15100
6700
7000
12800
7700
18500
7200
11500
13100
17300
6600
11600
4600
9800
21900
15500
21400
9900
17400
13500
11000
10200
16200
7200
7400
13800
19000
19000
16000
14200
11300
15900
5500
17600
8800
7900
12600
3600
4000
6800
10400
19200
5700
13000
20700
17100
10200
7500
10700
7800
7700
17100
8000
9500
20500
15900
18400
6300
21700
17500
11300
10900
4000
5100
17500
6800
4700
7700
4100
19300
18600
19300
13300
9600
8000
15300
8200
14800
4700
7600
4000
19100
16300
11800
15500
5100
19700
21800
19000
20800
19200
4800
11400
18900
6600
13800
20200
22400
14700
6800
8800
10200
7900
13800
4000
11500
7800
11900
14100
5500
17100
17800
13500
5500
10600
9500
16000
6000
13300
4700
18000
12300
7100
13700
13000
10400
12000
18300
8400
69200
48100
20200
29900
41100
71700
16800
10000
45000
12900
15200
23200
31600
26800
34100
46800
41200
27800
44200
12600
12300
21400
12600
33900
25700
41100
23600
21100
40200
33400
10800
9000
10300
21500
13100
12900
17800
15500
20500
20000
4000
4400
15200
12000
19700
7400
10100
16800
19900
11300
11100
19300
11100
10100
8600
3900
7700
9100
3900
20900
4100
6300
11300
10100
7900
4300
16000
13400
16900
16200
6900
7200
5000
20400
12800
9500
19400
6800
17100
9500
20200
13000
12600
16700
7400
6000
15800
19100
13500
4200
11100
22600
11100
5900
19300
4200
11200
11400
7600
12100
16500
16200
8700
12700
8200
14200
11300
6000
14800
16000
18400
20300
7300
10900
16300
4000
11400
6000
3800
8600
20600
8600
20000
9100
16500
12600
21700
3900
3600
25700
14000
17400
8600
10900
8600
7400
5000
10500
14400
19100
16700
20800
15200
11300
16100
16000
15900
18900
13600
11000
4000
15000
11200
13400
17400
14500
12000
4200
11900
7900
8300
13700
12700
12400
8400
14500
10300
3700
18700
16000
12400
11900
20200
4100
11100
10900
11100
7800
10100
12400
11500
10300
15500
7400
17600
12200
5900
14600
6000
12400
11300
15700
14700
9000
3700
17400
11800
14700
6800
9100
15100
11700
25700
20400
7700
7800
18700
17100
19500
9500
8800
16700
6400
7000
4900
8500
11300
11200
10300
9400
17200
4700
18900
11800
18600
10200
17600
20900
6100
11600
8700
16500
6300
16100
13100
7900
7900
13900
17000
15700
17900
15900
20700
10900
4800
14200
15100
4800
5000
9800
18800
8700
14100
6400
5600
5700
18800
6500
3700
10200
10900
19200
16900
10600
18400
4500
14500
17100
7500
17200
16000
3800
17900
15400
9200
6100
8000
6900
19900
8000
10500
4500
4900
4700
12900
7000
12600
4200
10500
22600
19100
20000
10900
15200
16200
9200
11200
16800
8700
6800
5300
16900
17800
6700
14700
10200
13700
9000
20200
14800
7500
8500
6100
11300
19500
18500
6000
11100
21100
3800
16700
10200
9100
7900
12800
8300
10400
4700
7300
15700
15400
17900
8000
20300
17300
7900
6400
6700
5400
21500
13100
20300
10400
10500
16400
5300
16700
10100
10400
17300
16400
13300
5400
18600
13900
8000
12900
5000
6800
23800
20000
10000
19900
19800
10000
13200
4600
10300
17900
21300
10000
19500
16800
14100
9300
5500
21200
11200
20100
15600
9100
17200
10500
7100
18100
9100
12800
8900
18700
6800
15300
13800
20300
4900
8200
18200
14300
5300
8600
9700
20100
12900
15400
7300
6500
10800
17100
5700
4200
15500
9900
7000
5300
6900
14800
17400
15100
10500
9300
20000
20100
12400
21000
19100
11400
18900
17100
6300
15600
14200
17000
6900
18800
7400
23500
10900
13900
14300
20700
15900
14800
14600
12700
6400
6000
13200
10200
5200
19500
20100
14500
4900
4800
17100
15100
5800
14900
6300
5700
13600
15400
6600
13500
10000
17600
6700
14000
11900
16000
9900
4100
4600
16100
10100
11700
20000
7000
11000
24500
21000
7700
12200
16100
8500
18300
6600
13700
6200
13900
5700
9700
14400
11400
9000
3900
6600
18300
6700
13200
12500
17700
19100
14900
10500
5100
5000
9000
15900
20800
16900
12200
19800
16400
8900
6200
11200
8500
9000
7300
5300
8700
12000
7700
5200
19500
18100
19700
11100
11900
10200
11700
19600
9700
9200
14500
19100
5400
15400
21400
14700
4700
8400
12300
6800
16600
6100
18600
9500
9500
20800
13300
12500
15000
17700
11500
13800
7100
21300
8800
17700
19500
19400
18600
18600
18900
14700
10800
9700
8300
18300
7100
10800
14700
3900
15200
18000
8100
10800
14500
7700
16900
8500
4300
4100
4000
7900
18900
13500
7300
11300
6400
14200
8100
16900
5900
17800
8600
4300
17400
21000
5400
6100
16700
12300
4900
10300
16800
12400
6800
4400
8500
11900
12900
9300
8000
8300
13900
3800
6700
9100
4200
8400
13500
12100
5800
7400
4400
18600
6300
17000
8900
17100
8600
17500
9400
10700
9000
12800
7400
6300
14300
16500
7400
11500
11200
5500
3300
13200
17900
4500
6900
10500
8000
6100
17500
5100
10000
7600
14600
7100
15700
9000
3600
17300
4400
16100
9100
9000
4900
5500
12900
13200
15400
10900
3400
15900
12900
5400
12600
4000
4500
14400
16400
11100
13400
7100
5500
11900
15300
13400
8600
14700
5400
17100
11000
15900
5200
9400
7300
14900
12000
13900
17800
11600
12800
6000
15000
14400
15800
5800
3700
12800
12300
11100
9200
15100
9500
7300
3400
4200
18200
8200
18200
12100
8300
8500
7400
7300
13200
7700
9400
11000
4400
16400
5000
18300
12400
7000
7400
15700
14900
14000
7600
14700
18100
14700
14200
15400
11400
6700
4200
6700
14900
12700
11000
10800
13900
8100
3300
11600
12000
14400
5800
8800
4700
9200
9300
10800
7500
4300
18000
9000
18800
17800
5200
7400
11600
7700
9900
13600
7700
16600
6800
7200
4200
14800
17700
3400
10100
9800
9500
13400
18200
17700
6200
4100
4900
13000
3800
13400
16400
7800
16800
9000
12800
9900
6600
15200
9600
12600
6200
17500
9800
18300
13700
4800
15300
5600
4800
10700
9000
3300
15800
14000
17600
10900
6100
17700
12800
14300
17000
12300
12300
3600
15500
15500
18700
15600
18400
16400
13100
12500
9400
9800
8200
14000
4100
17400
4700
11300
8900
7400
10700
3700
9900
8500
11200
7600
5900
5200
6900
7700
16400
6200
3600
4000
6400
10900
9600
18300
13700
15000
8200
16700
7600
7800
10000
16300
6600
6000
7000
9700
16600
6300
13800
10900
9900
14800
17100
7200
9900
4500
6700
9400
10200
7200
6200
9300
17200
13100
18100
7500
14700
15600
10900
5800
7600
7700
8000
14400
13900
7400
15800
3800
11900
10000
18400
10100
7900
17200
11800
11900
13700
12500
4300
9700
17600
9300
8400
5000
3700
9800
16500
9600
8200
17200
7200
8700
8100
14600
12100
9300
17300
11700
13000
9300
17600
6500
11900
12300
8800
12900
14600
12000
17500
13800
15400
6200
4000
14900
16600
7100
7700
5300
11900
8200
17400
15800
16800
8400
7400
4200
15600
5900
14900
17800
14600
17100
5700
11000
12100
18900
5300
10100
4400
7900
17800
10900
3500
7700
13100
6900
4100
4700
17100
8700
7300
10300
17200
16500
20500
16800
15300
14200
10600
10500
13100
14600
12700
10200
7500
9600
6600
8100
14200
4600
19000
11600
14300
3800
12400
15900
18000
3300
7100
12800
16100
9100
14900
5400
12100
6700
6800
3300
9400
10400
4100
3300
7400
16200
14200
3800
18600
14100
14900
17700
7400
12000
7200
14000
5600
17200
14400
5300
4700
7000
11900
17400
3900
10800
6500
17900
9000
10000
9800
7900
15700
5400
6800
7800
18300
15600
17100
3300
4800
17700
14100
13700
9000
16800
16500
18300
4000
10000
5800
13700
16000
11800
9800
9900
9800
9200
14800
7000
5800
10000
14400
5700
16200
11800
4600
9800
15900
16300
10300
17800
5000
14900
10900
4400
13800
5400
11400
18800
10300
13100
8100
12900
6900
6500
5400
7900
8200
19800
11700
21300
14700
7000
5800
17600
17800
17300
12800
10800
4100
15800
17900
11900
12100
7000
8000
11400
11000
18100
15100
10500
3700
18300
4800
12100
3300
5200
15900
8900
5600
4100
4300
10500
16000
6900
4500
8800
14400
7700
17400
8900
17000
17100
5300
6100
14500
9300
16300
7600
16500
7900
18500
7300
18300
11000
12000
13300
11800
8000
11800
4400
7400
9700
13200
4100
5600
12500
5800
13400
12000
7800
9300
15900
14400
18900
9000
9200
6800
3400
3300
15000
14400
3900
8200
7200
7300
11900
3700
17000
14100
6400
17800
16400
15400
11700
6400
5400
9700
5300
5400
14100
4300
16800
17600
8300
15700
15100
17800
6700
4600
16100
5300
6700
8900
8600
14900
16000
17000
11800
17200
17800
8100
6000
6300
17400
17000
4700
9300
14700
7100
3700
5900
7200
14900
3300
12700
14700
6600
6000
17100
10900
21700
15600
20200
8800
5800
8200
16500
4200
10100
6400
12300
7900
3600
4900
3400
16700
15600
18600
9100
18500
13300
6100
9500
4700
8600
7600
8100
17800
15200
10600
16900
16800
6700
13300
10700
4200
5800
6000
14900
14400
14400
4400
12300
15600
12700
6700
14900
17200
12200
4700
4800
6400
14800
18000
12500
9600
4700
13200
11600
8900
11300
12600
8700
12200
10000
15800
10300
3900
5300
17200
15900
18000
14700
9400
3900
5900
13500
7700
14800
5800
11400
6700
13400
9400
11600
13700
8300
6700
5900
12000
17400
4000
4300
3900
8800
7500
14800
11600
14400
15100
8400
8700
16700
8100
8500
13800
3500
7000
9300
17700
18100
7300
5900
6400
13100
9300
16100
9200
10300
8700
9800
7000
10800
8200
8800
4500
8900
15400
13300
16300
14800
12600
15700
24500
8200
23000
17300
16700
6100
9700
9300
7700
12200
4600
16100
17700
14900
23600
13600
14900
15000
16200
10700
13600
10400
3900
13900
13700
10400
9800
16600
6800
8400
6500
18300
11000
4700
7700
15400
10000
9300
8700
7800
10000
12400
3400
16500
12400
7400
15100
14500
7100
10000
11400
14900
16800
6000
4300
13700
11000
17900
9200
9900
14400
3500
4000
15600
16900
11500
6100
7300
9300
16400
6100
9000
14000
9500
10800
17200
3700
12400
9800
11000
13900
11600
11200
13400
14900
17600
13900
6000
9600
11300
4500
6500
11100
13300
6800
10800
8000
10800
17300
17200
17100
7400
3800
8900
9600
9800
18400
5700
14800
12900
14800
6800
6600
15100
14300
5000
6800
14800
4700
7100
5500
6500
17200
4900
17800
11600
4900
13500
13400
17600
10600
17000
4600
17700
8400
11100
5200
11900
11000
17700
15900
6800
15000
11500
9800
8000
17500
3600
8800
5800
4000
7800
16900
15400
12800
12700
11500
12900
11300
14200
5400
6000
3900
6400
11700
3400
10500
7400
9900
16600
6900
9400
16200
16000
3700
11600
3600
7100
4000
5000
14500
5600
8200
13100
3800
14300
17200
4800
5000
3800
8300
14400
10800
4500
5800
6200
8100
4400
13400
6400
8300
8700
9300
18200
9800
4100
16900
8100
14100
14000
18400
8400
17800
10200
17000
10800
7700
10100
14500
4600
10300
16500
7500
14400
16000
8100
7900
15800
4900
6100
5400
3600
10700
20100
16000
15800
5900
9700
9600
15300
7400
8600
9000
12600
5700
6600
15700
17500
3900
12000
9300
13300
12600
5900
15800
6800
13800
10500
8100
10400
13400
4500
13000
13600
17200
16000
3400
12400
13400
12200
16600
17300
17300
11800
13900
8200
14400
14900
3600
4900
13300
6100
16000
18200
10400
3400
14000
16200
3900
3900
14400
10000
6200
9100
7400
9300
5600
6800
11400
16200
7100
14700
8500
10900
18000
5300
15600
6100
3900
18200
12400
5400
9200
5400
8900
8800
13400
17700
16100
3700
7100
11500
5400
5000
14500
22200
7800
17300
4300
12300
17600
16500
13500
17800
17200
6100
5400
18900
5000
17900
9700
24800
17900
4100
4800
16200
8800
7200
14200
6100
15200
15600
17400
9200
17700
4400
17300
13000
5400
15200
16300
9500
9500
6300
10800
9400
17000
7200
12400
7300
9500
6700
21300
11300
10200
6600
14000
5400
15500
15900
6700
8100
18200
15600
11700
6500
18200
4300
9500
6400
9000
15500
18000
7000
14200
16400
15200
10600
16300
15900
14300
8100
12600
4500
17000
16500
10700
3900
4700
13000
13000
20200
12500
10300
11500
3800
4600
7900
16300
5600
16400
5900
12700
5200
14400
6800
8000
6600
16400
8400
13900
7700
12500
5100
12900
11500
6900
7800
7200
5900
13600
12100
18200
12600
6800
12600
16400
4800
6400
3500
6000
15700
17900
7500
18100
8900
15200
13900
7000
4800
15200
12500
12600
9700
7000
17100
17000
16700
15600
11100
8000
11300
15600
4400
5400
10400
12600
13700
4300
9900
11300
19900
8200
20900
10400
5800
13400
5500
16100
6000
7900
15200
16200
17600
5700
11100
7500
9100
12100
10100
16000
9500
13300
12200
12500
14600
7200
11200
9100
7000
11600
16500
5600
12600
9500
12600
11200
11400
9100
14400
4200
5400
16200
8900
6700
11700
18100
13200
9500
4100
9900
3900
12500
16400
6300
15000
4700
15700
16200
6900
14800
8400
13600
15900
5000
9100
14900
9200
7800
10500
13900
10600
16300
6400
3700
9800
15100
5300
14500
9300
17600
10600
3900
12800
3800
3400
8900
8100
8300
10100
10400
9200
12100
3600
11800
7100
5600
4900
11200
7000
13300
3700
17900
10200
4800
11200
7900
8400
6100
18000
9000
8100
13400
16300
15200
9500
22300
5600
8100
9700
5500
13900
7300
17200
7700
7600
14800
15100
5300
7600
16400
7400
16200
15100
7300
13400
13900
4600
17900
8000
17600
10500
6700
11300
3800
13000
11400
3700
5200
15200
18100
11700
4300
8200
14100
12500
6600
14500
17300
8500
6000
18200
15300
5600
8700
10400
7400
15000
18200
15300
8900
8800
3700
4300
9900
7100
7200
10400
8400
15400
6700
18100
12100
16000
7900
15000
8600
15400
13200
18100
13500
10300
16000
11300
14100
17700
13200
3400
11400
11500
17200
7500
6800
4200
3400
13200
3900
4000
15000
4700
5100
10600
7000
7000
7500
7500
18200
3100
14300
16700
4300
9700
12900
9100
4700
12400
8700
12500
9300
13000
8900
8300
11400
11600
5900
4900
6500
3500
11900
7600
8600
8200
9400
11900
16500
4700
4400
7200
6600
5700
9400
16800
6800
3500
10900
11800
14600
16000
4500
12600
9900
4800
17000
24300
24400
49100
45400
21300
20000
22300
22100
45400
13000
21000
48700
23200
24900
47200
16600
33300
20500
27500
36600
11500
45400
16900
45300
4900
12500
7000
4900
10500
19000
10100
7200
20600
12700
15800
13400
4000
5500
4600
17100
6100
11000
22700
19600
11100
11400
9900
7400
15600
21000
12300
16700
6300
20900
23800
7800
11000
5100
8000
5100
4500
17300
6800
19100
8900
12200
13300
3700
4700
14800
6600
6900
6600
7000
3900
17700
13100
13600
5900
15300
12300
12200
16200
8300
21900
7800
21900
15200
21600
21300
26000
4600
9100
18000
5300
18000
10000
15100
10700
4000
9700
16800
17900
7500
10000
16600
5200
12100
11800
12300
16000
17100
4500
15600
12400
12200
20100
18900
18800
4000
10200
15000
12600
5400
20200
9600
12800
7200
14500
15600
8200
12800
4700
4600
21800
6100
6300
17000
12200
15800
14100
15800
15000
12900
22400
5000
11100
17100
4500
11600
21100
16000
9100
4300
13200
5600
6100
8300
12100
5300
11600
17700
14200
10300
10900
20500
7100
12200
15300
17300
8500
4200
10600
7600
4900
7800
17800
10700
8800
12400
14300
16100
9500
10300
10200
14500
4700
7000
20900
8100
11500
18100
6700
8800
4800
6500
7600
20800
11600
23100
17700
18500
16400
12900
11900
6700
8600
22100
9200
20600
7900
4700
13600
15100
12700
14200
17800
6400
22400
11000
17000
11400
4800
15900
22700
18900
4400
22000
4000
7200
17500
18600
15800
9500
10500
8200
12700
11700
6000
12300
9500
5000
12400
14100
5300
4700
23000
5600
5200
10900
6300
8000
9400
14400
19400
17700
5900
8800
10300
22600
12100
12700
19000
13600
7300
21100
21300
15300
10600
15400
10500
18500
18900
17100
10200
19600
7200
14100
12700
20500
6400
15500
14900
19900
13700
11800
6500
16800
7800
8600
13000
10600
13100
12800
7100
13400
16200
10000
10600
18500
7500
6700
16400
7700
9500
19300
14000
13500
3800
10300
19700
6700
12800
16500
15700
17600
4400
4300
17300
17700
3600
12400
4500
7300
12000
11500
5700
20900
6700
7200
10000
16100
12900
19700
13600
4600
19000
14700
5000
7200
17600
14100
11800
19600
10500
12000
16300
10900
5000
13400
3700
5600
15000
7800
5900
13900
6400
20300
4100
6800
18200
11400
15100
17700
5200
7800
16600
4000
5800
14600
16300
7900
12500
12900
9800
25800
4800
12300
16100
11100
4600
15800
4300
19100
12100
5800
11400
9300
19800
22400
3700
15300
18300
7900
9300
20500
14300
18300
6500
5500
16300
11900
10300
19400
12600
17900
17200
7700
10400
19200
10300
15800
10600
19000
10700
5300
6400
4700
14100
4400
17100
7900
7900
16100
5400
14400
9200
14800
4600
18400
4500
9900
6600
20600
9100
7900
18300
15500
3900
11500
19400
3600
6200
17200
5900
18600
18000
17400
14800
21000
18900
10300
15700
19000
10700
11600
14700
20200
10400
7400
14100
3900
18700
7300
6300
6500
12300
9200
9200
14100
18700
20100
4700
9800
4500
11000
14400
10500
10500
3600
19400
5600
14500
21100
8300
11600
7200
11800
13400
18400
6900
14800
7600
17900
20000
20100
7400
17200
7000
10400
15000
15700
20600
16800
19500
7300
14500
10600
14500
9800
13600
7400
12000
20900
18500
8000
23100
18000
10200
15300
7500
17900
18100
19800
19800
9200
10600
9900
19000
7800
10000
15200
21000
4200
7800
13100
5900
12800
6500
11600
5000
12000
7200
12600
12200
4900
8300
20200
10700
5300
20200
6100
8400
12300
7500
4100
10100
12400
4400
11300
4600
18100
7500
6700
6500
12000
19500
8400
17700
4200
7400
14800
16700
10100
5400
5300
21100
5100
3800
11500
6700
6400
7900
3800
10900
11500
10100
12200
16800
8900
18300
19900
14100
11600
16100
11300
7600
10300
9100
5100
5300
8200
18200
7900
8100
11700
15000
20100
9800
4200
3700
9000
15200
15200
20600
6100
6200
11900
18200
11000
18200
18300
7900
17500
5000
16400
14200
6600
5600
9200
10600
3200
17700
15500
13200
7000
13400
10500
3500
11300
4700
15500
7700
4200
7600
9000
16700
10600
17500
5600
13500
14000
11300
7200
17300
10800
12500
16600
6800
3800
18200
4800
10600
10600
5800
12000
7800
4200
18000
8700
13900
8600
13100
5200
6500
3700
10800
5800
6300
13800
5900
6100
14400
4600
7600
14100
9800
5400
7000
15500
10700
17200
4900
4200
9200
20700
9800
6900
18600
10000
6500
13500
17500
10200
7300
9500
5700
13100
13900
14800
8300
11300
9000
17000
8700
3500
17800
7600
18200
9200
6800
7600
18400
15500
4500
14200
15300
9100
8100
16800
18400
6600
8200
10700
8300
10000
17200
11300
16000
10000
11400
3900
7700
8000
5300
11800
11600
14200
18100
16500
6700
4800
16300
14800
3600
8300
9900
17900
3600
7200
10100
12000
11000
12500
15500
18100
12700
7600
9600
7600
18200
15800
7000
4900
6700
8300
5600
3400
5500
14600
11500
4800
13000
4100
17600
16800
14600
18400
14500
5300
10300
13400
16400
17900
7700
16200
7500
12700
9100
4800
9100
8100
17600
11700
5100
6400
15200
5000
8100
14200
10700
5800
11400
7600
3100
6200
11900
14100
16500
5200
8600
17600
6300
9300
8500
18300
12900
8800
3900
5600
9400
18000
13800
22500
14600
12100
12700
15300
6300
12400
17800
17900
13600
4300
13400
18200
18500
5300
12300
3200
15900
10800
3500
13300
11300
5400
6300
16500
14300
5500
16800
4800
13100
4800
17800
13500
3800
3300
8700
11900
3900
16700
7400
12200
7000
6100
15200
5400
12900
3800
17000
9800
13400
11800
13600
14200
10800
10800
14400
5300
15100
15400
13700
8100
11500
10900
11200
4300
17500
15800
6600
17600
10500
5400
7200
10600
9000
7200
8700
5900
14500
8400
15000
6700
9800
6500
8800
12100
10600
6500
15900
5100
8500
15300
16000
8800
16200
16700
5500
13100
3500
11600
12500
15200
13800
8100
14300
10500
7600
15700
10300
4400
13400
9900
8700
6400
13900
17200
4600
5700
17600
8300
8200
14000
10700
13900
3500
15200
14100
14300
13400
17500
11200
18500
5300
13600
4600
13300
14200
11200
18200
4000
6200
18700
9600
8500
10500
17300
15700
5600
5300
14900
18100
11200
5100
10500
11100
14900
6000
5300
14300
16800
9200
17800
14700
6500
10200
10700
18700
8800
3900
4700
9800
18300
3700
16100
12500
18600
13600
17200
9000
7300
3800
8700
14300
15500
5700
18200
12500
10200
16500
8500
5400
13100
3700
13700
8800
9100
6700
14500
11700
7500
4300
4200
11400
6500
15700
9900
18500
11600
3300
3300
12100
4600
14000
17400
3400
18300
13200
7600
17300
17000
9000
8200
15400
8700
17700
12700
15800
3500
9700
9700
3400
16600
3300
7200
11600
5500
3700
16900
10300
10900
9200
13100
5600
11600
4700
14400
9900
10800
15900
12200
14800
11000
11200
9500
16900
14800
8400
16700
17900
15400
7900
7500
18400
10000
10000
15900
7600
8600
5100
18100
12500
15600
18300
12900
16100
16400
3500
9800
11400
4200
3700
17700
9700
17100
9300
8300
8200
4400
4500
8200
14500
10900
10000
12800
4100
12200
6400
3700
10300
11400
4900
12100
7100
16200
12500
15200
17400
6500
4000
13600
9000
14600
13800
8000
8500
12800
3500
9100
6900
9300
10400
15300
7500
6700
8800
4000
15900
8000
10500
9800
17200
4800
7000
4700
3300
4500
17200
18200
9900
10500
15800
7000
7400
10200
10500
18300
3800
8300
13000
7800
12600
7500
13500
11300
13100
14200
16100
7700
4500
15500
9100
6000
9300
17100
15800
10800
11300
11300
7200
12900
7700
14300
8700
5700
6100
14200
12400
4500
11800
3800
12800
16600
12700
6300
16500
10300
18300
10100
15700
16400
13200
17900
16600
8000
18000
13000
7300
16000
5400
4900
8500
16000
6000
5800
14500
15600
11100
7100
14900
18300
6500
8600
9600
13900
5600
5100
8400
15900
4000
10800
5500
15200
4300
15200
3400
13700
11400
7000
8400
4100
11000
12400
5100
11300
6900
17400
16800
10800
6000
16400
5900
12500
12500
9800
8600
10200
13100
8200
10500
14100
14100
5600
7100
17800
12600
3800
4500
11400
10400
4300
17000
12200
14100
5200
7600
11300
5700
13400
17100
18100
7000
13500
12600
16600
8600
15700
4500
16700
17400
15200
15100
3600
16100
7200
7900
12000
17200
6300
7900
11200
17700
15000
9100
17800
4300
9900
6500
7100
9300
17000
13300
3800
9400
10800
16400
10500
7600
8400
5100
6500
7800
6800
3800
16500
10500
8000
15600
5200
4500
17500
17900
11300
7200
13200
16600
5500
10500
17200
5600
4900
16800
13600
14900
5300
16200
13800
4900
3900
13200
4400
11800
7800
9700
16200
12100
17900
16900
13300
12200
11100
3900
9900
15400
4100
6300
8700
4700
13400
12800
6900
7500
10400
13200
5000
9800
16200
5300
16600
14500
17400
7000
14900
18300
10400
16400
14100
6100
12000
6900
3600
13500
21500
11600
17300
9400
6400
12800
16500
15700
6700
12300
5400
7600
6600
13400
7100
7700
12800
10600
9400
8400
11600
9800
3500
5000
10600
6200
18400
5900
15700
5800
17300
6700
15900
8000
5700
18100
10700
4700
9900
5500
11900
8100
9300
17800
6000
5500
7100
5900
7600
9600
4200
9800
5900
5700
11800
10600
7200
11900
6900
6300
17300
18100
4800
14100
8100
4900
15900
12300
12900
3700
4600
5600
17800
14000
11700
9900
3600
9600
16400
3600
10500
13000
11500
14100
15200
9700
11200
13000
24500
22100
13200
48500
34800
20000
11700
37000
11800
28100
19000
27800
28500
44000
28400
8800
34800
38300
45000
20000
12400
11900
43600
21900
42100
14900
13000
9800
16600
18300
11700
4100
24100
12600
18000
5300
6700
7400
11800
8800
10000
13300
14400
7900
14200
7800
11000
14800
14800
11300
12900
3600
14300
4900
8300
14100
14600
8400
3700
9900
5800
16200
9400
13800
16500
7400
11300
16300
18600
16000
15300
14500
12800
9400
12100
8700
16500
16000
4500
11100
4000
4100
17600
4600
4100
4800
6300
10800
4500
8700
13000
14100
4800
16400
8200
5900
11300
14000
18100
8900
8900
15600
4700
9600
9000
12300
17000
3600
6800
17500
19100
11500
15100
9200
6900
5400
6900
4400
5400
16300
12600
9400
8600
13500
7100
5800
3900
7000
4300
4600
12700
13100
8700
8300
7100
16700
6300
8800
10700
3900
17000
7700
4400
14300
18300
14800
15900
8300
13600
13500
13800
3900
8300
4300
4100
14300
8800
10600
4000
12800
7800
14900
5400
3300
9800
5800
17100
14500
9600
15800
3900
3900
15400
8900
4400
10700
6500
8500
5500
6500
8900
11800
4000
12100
9500
8900
4400
7500
10800
16100
4200
16500
11600
5800
11500
10000
3700
3900
10800
3500
6100
3400
9600
5700
8900
7700
6900
14500
10100
12500
14400
17800
3300
16600
3300
15300
14800
16800
10800
9400
14800
16500
13300
15200
12200
10400
5100
5900
8100
10600
14900
9800
14400
11900
16400
14700
7600
7900
18000
11800
12400
10000
11800
11500
3600
5300
5000
6000
15300
14400
4400
14000
12000
14100
8000
9800
12800
6000
9800
6900
15900
14100
6900
10400
21300
13000
15700
13600
5800
15700
6100
10500
12700
3600
9100
14600
3800
12700
13400
16900
8600
18000
13700
11900
10300
5700
18100
7600
5400
12700
6000
10500
13500
13700
16100
7500
14600
8900
13100
15500
5400
11800
16600
5300
11000
12900
11300
13900
14200
18800
11600
8800
7700
13300
5900
3300
9700
3600
6700
12400
6800
11100
13000
6100
11100
12000
10800
5300
9300
15700
11100
4400
15900
5400
16000
17900
8200
6400
10300
4300
8300
17800
15800
6100
10600
4800
8200
4400
17300
9500
6900
17600
12000
17500
4500
4700
13900
17800
6300
3900
11600
14000
8200
10400
14000
6800
12900
14900
3300
10100
6000
9300
16100
9300
13500
5800
7700
11500
7500
9600
5800
10100
10200
7100
7900
14500
4700
14300
9200
5000
12800
13900
4900
11100
12600
12200
16500
10200
18400
11100
5700
3400
3500
13600
10900
4000
16500
16300
8900
4100
12700
4900
14800
3500
4900
6200
15000
9100
3900
16900
9700
11300
11900
17200
6700
4700
10500
6800
9900
19200
11300
12600
16600
15600
14400
6500
6100
15200
10700
6300
17900
10000
5700
11000
14500
14600
14600
8400
3900
3900
13100
14500
17300
4400
12000
12900
12600
6200
8200
6600
9500
13900
11600
5100
15500
13200
4400
6500
3700
4400
7600
10000
9900
13000
13400
7000
4600
8300
6900
17600
13200
5300
4000
15400
9100
15500
11000
10100
12900
12000
3800
16400
8900
10000
5400
7200
16900
8400
17100
6700
7700
6400
7300
3700
5800
14800
9200
12100
12600
12800
13800
13100
6600
11600
9700
7200
10200
3500
11200
8000
3900
5100
3500
12400
15600
13700
12300
5000
3500
10700
5900
14100
9500
5200
4300
16600
4200
3900
8900
13100
12200
6300
17000
15700
17500
15800
15800
15400
15500
13500
5600
16400
16700
13900
8300
13900
4200
10900
13700
9100
3300
12500
8800
16200
7300
3300
12200
3500
5200
13400
3900
14800
16700
6800
7400
17500
3300
9700
8800
12500
16300
15800
5600
14300
4600
14500
8600
12500
16600
17800
9100
14300
11000
4200
18000
3300
11200
10000
15300
7600
10500
7100
8000
3600
15300
12700
16200
16500
8900
10300
12500
10600
3600
19300
5700
11000
3600
13500
15800
12700
5100
16100
13700
10600
12300
13800
6500
15400
16400
17700
5800
6000
6100
10400
3600
6700
14000
11900
7800
11600
10800
6500
4900
15900
8100
11200
4300
11700
8300
12400
9700
8400
11900
4000
12400
7000
3800
12700
4100
17000
9500
3800
5100
8300
11600
10800
7500
10100
8400
6600
14400
14200
13500
4800
12400
11300
10800
9600
16700
8800
4200
7000
5300
9200
11700
10100
4100
9200
7800
4900
4200
4400
17700
3700
6500
10600
5000
27000
12100
4600
7400
7600
10500
10700
14100
9400
5300
3800
13200
10500
11800
13100
5000
12100
17100
14700
14300
16100
8000
4000
14100
4700
10500
7500
4600
10600
7100
13800
3400
16100
7900
7300
11700
15500
7700
5700
15600
7700
18300
17500
16500
4700
4800
5600
10600
16400
8200
10800
5500
16400
16100
14300
10100
9000
8300
11300
4000
4100
13800
16700
8000
17500
6100
7100
16300
7300
7000
17900
9900
6600
11200
15800
6400
13600
11400
7900
16700
5600
11000
6400
12500
4500
5400
17300
10800
4800
7900
15400
5200
7400
4200
4500
7800
14800
4400
14500
7400
11800
3600
13100
3300
15100
5000
10000
14800
9900
3900
15500
14100
5000
12000
16100
15800
16500
15900
7000
7100
3900
12300
9300
10500
7100
12700
6000
16500
13800
3500
16200
7400
15900
14700
3800
5000
16700
16200
8300
3600
11300
6900
8800
12900
6100
4300
4600
16700
7000
16800
10400
4800
11400
11900
7300
18000
8900
7800
5800
3400
11500
17300
6000
11200
6700
5500
7000
10400
11500
5600
3500
6400
11400
5100
13500
17400
4400
6400
10700
4000
16700
5400
5000
3300
17700
13800
15700
16000
7500
15700
9500
18100
7900
9000
18200
12800
16300
8100
17400
4400
3600
6100
8400
17900
15800
4000
12500
12000
4900
9000
13700
3300
5300
6300
8100
13100
11900
12400
8500
11200
7300
5900
11900
17900
9100
8800
6100
8200
12600
14500
7700
13200
15800
4900
6100
18200
7400
8600
8700
11400
5800
14100
16100
8600
12500
11200
4300
15200
7000
10100
9700
15800
4600
4700
6600
5100
7100
18100
5700
6700
7900
17200
14100
18000
16200
13700
15100
5100
7300
5700
9600
5900
4700
6100
11600
8400
9800
15200
9900
9300
6800
11700
9000
8500
17300
5000
8600
4000
6000
6200
15500
12900
10100
10900
15600
10000
15400
7900
9900
10000
14000
8100
4700
6400
5200
20200
11000
4000
5900
14000
3200
17400
10000
7200
5300
11900
14000
8800
9900
6100
5600
14900
13000
10500
14400
10400
13500
3400
13500
15600
12600
7600
11200
7700
7300
5900
6000
6000
15400
10700
6700
9300
3500
13700
8900
8300
6500
10400
14300
7500
4200
3300
7400
5200
6700
13000
13300
8400
17600
16800
9200
7900
8500
12100
14100
9700
6500
13200
17900
7900
12900
9200
15800
14200
7200
5200
5700
13000
6400
18100
8900
16100
17900
14500
10200
8100
10200
3900
14600
9400
7500
10700
8600
15400
16200
10700
11600
5800
6200
11200
8500
6500
4100
17400
9200
6200
5100
6800
16900
7500
12100
12600
4200
5100
12200
6500
9900
8500
12100
15600
12400
6800
14200
17000
14900
6900
13400
11200
9200
13400
13100
6900
4100
4400
4100
3700
17300
6700
6000
4700
7700
8800
7200
3600
6500
12300
3800
15700
16000
13600
16100
4000
11500
13400
16900
14100
12100
15500
8400
3500
15800
12900
3800
10800
6000
11800
17100
14200
17100
14200
6200
16800
15500
13600
3400
7300
12600
11700
10900
11800
6700
17000
5500
9700
17200
11300
17900
6500
8000
8400
14400
14500
5100
8400
5900
6400
11500
7500
9600
7000
8100
15600
5500
12500
5300
8400
8400
13600
4900
16700
15600
5300
14200
11600
5500
17700
17700
3400
16000
13400
5500
10900
12400
4700
14600
10700
10300
10000
8600
4300
9600
4500
13500
7800
5200
17600
3800
9800
10900
5900
5600
10100
7900
3800
9300
7400
5900
5200
6000
9300
7500
9800
12000
11200
9000
16300
9700
9900
5600
14400
4100
6300
6800
13500
8300
4500
5200
15100
6300
5600
8000
6200
18000
6900
4800
15300
14900
15800
6600
14300
9500
9200
13100
3800
9000
3900
12300
8800
12300
10400
14900
9800
12600
11100
15200
6500
17400
7500
10100
3700
10500
11800
6500
4800
4600
16200
15000
8500
8300
6200
8800
15600
4100
4800
14800
14900
4800
5700
7800
9500
8500
16000
17000
17400
16100
7900
9200
4100
9900
9600
14300
3900
16400
16200
11800
5500
6400
5400
17800
5400
6600
6700
5600
18000
4200
11200
15600
6800
8100
14300
9600
12400
16000
7700
8900
17700
13800
6900
12400
8100
17700
6600
9600
5000
11600
16600
11400
16700
3600
10500
11100
8500
11000
17600
11900
4500
13000
8100
4500
6200
7100
8700
5700
8700
7900
13800
11200
10100
15600
10400
3300
12000
16800
11500
9500
4800
16400
4800
5600
7500
7600
6000
14700
4800
5400
11100
14900
9900
5900
5200
5700
8200
11800
7900
13900
7400
5700
8200
13500
4100
3500
12700
3400
11700
13000
14300
9200
17500
6000
5200
3700
12800
17600
10700
12500
8800
17500
7900
8800
8500
6200
5100
7000
7400
10700
3800
12500
6000
5500
5800
13200
12900
4400
6100
12200
10200
5400
8700
4000
5500
13800
5000
12500
8700
5200
8700
16000
5500
3800
12700
8600
10700
14700
16500
16100
7400
15300
12700
13100
16100
14800
5900
8300
13700
16500
9400
5400
7900
5400
3800
7300
4100
5000
12300
4300
7400
10300
4800
12800
9000
7400
17000
7400
4200
12700
8800
10400
9200
12000
9800
4600
5700
14200
15900
8900
10000
16700
8800
11700
4500
14800
16600
7000
10400
8100
7300
8800
11600
5900
8900
17200
10700
14900
13700
8000
7400
11200
7800
12600
13100
10400
12700
4200
15700
7000
15900
8700
9700
15000
14600
6500
8400
12500
12000
16700
13000
11200
17100
5900
3600
16500
9100
3700
10600
15100
15500
10200
17700
13700
4900
12600
13100
15400
5200
5800
9800
14900
16000
11000
6000
9100
8900
4700
6600
3200
5600
12200
15000
16100
11600
7500
17000
5300
9900
13900
15800
15300
6200
10100
4000
16300
16100
3300
3400
11100
15400
17900
8100
11100
14100
12800
15000
8600
5100
6900
12800
14000
6000
5500
13600
5200
9900
5600
17000
10700
12600
16300
15400
4200
11700
15400
17700
4400
9400
4000
11600
12300
4900
14500
16800
4100
13700
13800
3600
14500
3700
13400
15400
3900
17300
14700
16900
4500
15300
7600
17100
7400
6100
11100
11900
9700
10200
8100
7900
5200
16200
9800
14600
11000
13300
8200
17600
12900
11100
13800
16800
7100
7200
6300
13500
8500
8800
4500
4800
13500
16400
12500
14500
15700
4600
4500
13700
5800
15800
10600
10600
5600
11200
7900
4000
17200
7700
9800
16100
7800
9300
15500
9100
7200
11000
3600
12000
6900
5100
6400
7200
10300
5400
14800
12700
4400
7100
9300
14500
13000
15600
10300
17200
6000
9400
10200
3600
17100
11000
14600
13400
17500
10300
6400
17400
5800
16400
17400
12600
16500
5100
16400
13300
10600
3300
12800
6900
7300
3900
12100
4600
14600
13400
15400
9300
5400
10100
14700
16700
15300
3400
17400
14900
6400
8300
6800
6300
14400
10800
10800
12300
16200
3400
3600
14200
11600
7700
8500
5900
4200
15600
4100
12900
3400
16800
7800
9500
9200
6400
16200
12500
9700
14500
17600
12200
16200
16000
3800
7400
5400
16200
11200
9800
7300
6900
4000
13000
8000
10000
13000
11700
17000
9600
13000
3300
3900
12200
9000
16100
13100
10100
7500
17500
4800
4200
14500
6300
13900
7100
9200
5200
9000
6400
5100
5200
5500
9300
16600
9100
8900
10900
17600
12500
11200
5500
4800
7300
13000
5000
10100
10900
7900
16800
16500
6600
8600
7100
6400
6700
9700
47400
30600
53300
4500
4600
16100
8100
3400
6900
10900
8400
13100
15800
8600
5000
15600
5500
11500
15200
9700
14700
16400
15400
16200
8100
4600
6200
15700
6800
11500
13900
9600
14000
12400
17700
11600
6700
3800
4400
14200
14800
11700
4500
13700
13300
5800
13700
15200
5500
3800
12400
16500
6800
16000
4800
3400
6400
13100
13300
8700
6000
4400
6500
15000
16400
7500
15000
11600
13300
12700
4800
3500
9600
4600
5800
15500
11400
3900
5500
20600
7200
12400
6200
15400
15700
10900
5200
12700
4500
4900
9900
14000
12800
6100
16900
12900
11400
6000
5400
5800
11200
13500
14400
11000
14100
12000
14400
12500
6500
7400
17100
17700
8200
7500
14800
9700
12100
5100
9700
9300
6300
9500
14600
16100
15900
16100
7200
3200
7000
16100
5400
12600
15700
9300
5300
8500
13500
3500
15300
16600
3500
4800
8300
4500
3900
17700
16500
6700
4900
6800
7500
11400
8300
4600
3800
4100
17300
4100
8300
12200
12200
13500
17700
8800
7600
4800
6600
14200
18000
6500
5600
15900
4900
4900
15800
16600
13800
6000
11500
9100
10600
11300
13400
10100
13400
5200
16300
13600
10800
13800
7500
6700
5400
13900
6100
3900
5500
3700
11000
13000
5400
5800
16200
3600
8200
4400
5100
6500
6400
15700
5700
12800
14600
5600
8200
16500
5600
5500
3600
9600
16400
9300
10100
13200
10500
7300
5300
7500
7300
11700
10500
7300
4300
8200
12200
13600
11600
15700
6300
7000
10000
14300
17100
17100
11400
6000
17200
6900
10000
5100
15400
3900
8000
11100
7300
3400
9900
8700
4300
6600
3600
9000
3800
3800
6200
13900
3500
9000
11600
10500
5000
7800
10100
16800
5300
3800
10600
13000
13000
13100
10400
4900
9700
17800
13900
18000
7400
10700
11400
10400
11300
7200
18000
9300
12100
12800
16900
17400
5200
9700
14600
14700
5000
3700
3900
6400
14100
6600
9400
14800
12900
10500
13700
4000
9800
6500
7400
3500
14800
15600
10200
16700
12500
7200
17500
5400
9700
11800
6200
10500
14100
10600
5400
9000
8600
9900
15600
12100
8900
4600
15100
10300
8100
4500
13800
9200
15500
17300
14900
13100
7700
13200
3600
9800
11900
11400
5400
15500
9200
10400
5000
11600
16500
15500
6600
14200
6600
13100
17500
10700
15600
12800
10100
10000
13500
12000
16400
12200
7000
8500
5500
10400
3200
8300
14300
7300
8300
7000
13900
11900
6900
8100
13100
12100
10400
4200
10900
13200
17200
13600
13100
4100
15400
7200
13000
14400
5000
7700
15400
8100
14200
15000
17000
14400
13700
8500
8100
5200
16100
9800
11300
7700
8100
17500
5000
8000
12200
13800
6600
7000
11600
17500
9400
4800
10900
15200
12100
17200
7000
6200
13000
13100
8700
11800
15300
10000
14300
11500
11500
5800
6700
3600
13800
10800
12300
5200
9500
5800
8200
7000
15200
17300
15300
15400
10800
3200
15900
8200
20500
7300
3600
10500
11100
10700
10800
12900
17000
16800
4200
3500
15700
14500
3400
7600
12100
13700
12900
16200
12300
16700
8100
6900
5000
5800
5300
14800
13100
15500
10900
10000
16200
10000
9200
14000
11200
16700
6900
7700
8900
10100
10600
15800
5600
17600
8700
9300
13200
14900
4400
5500
12800
9000
7900
4700
16300
5900
5100
7300
11400
11800
4000
17000
11200
10400
9000
6100
16600
11500
6300
10600
15000
9100
11500
5600
13200
4700
12200
15500
16500
10000
10500
11900
7500
7300
5200
9900
11600
4600
17000
10000
17600
13900
7400
9800
4800
8200
4900
14200
5700
7300
9000
7400
8300
8300
10800
10100
10400
11900
13000
16100
6500
13600
5700
11400
5800
8700
8200
12200
15900
8200
9000
13900
17200
5800
20900
14500
16800
8200
5700
11200
16000
13600
9100
8700
17000
6300
14300
13200
3500
14500
10200
17200
16600
16100
11300
10700
11200
9800
16500
7800
7300
15300
12900
10700
6600
10200
7900
8400
5300
8500
7100
8700
4600
10500
9800
16800
15300
11500
7500
6600
5900
10200
5300
5700
16200
3900
7200
16400
9300
17600
11000
14000
16500
12300
10400
10600
10600
9500
3500
11800
8500
13500
8000
12800
14700
12100
14000
14000
6700
10000
12700
7500
12100
6500
8400
6200
4200
11100
14300
5300
14300
9600
12000
7400
10000
10800
16200
11600
13700
11900
11700
6600
6900
3400
7400
10000
13500
6400
14400
7000
15300
15200
14500
12600
3900
17700
14700
9200
12800
16300
14600
9500
5100
15700
15100
6000
3600
14900
6100
4300
6800
11600
12800
8800
5500
5900
11400
12100
8100
4000
5600
12900
7800
5600
10500
4800
13000
11900
7200
8700
12800
6900
7300
12400
7300
4200
13900
5000
3200
12700
14000
6600
6700
7900
5000
14300
6400
6900
6000
16600
11300
7700
14200
16100
13900
11000
13800
5300
16700
16700
5300
4300
6900
15200
8300
4100
17200
10600
6500
15200
15100
4800
17200
8000
6200
10800
9100
16800
5500
17400
9600
7300
14500
14000
9000
14800
13300
14800
10500
11300
6100
4100
17200
7000
8300
10300
16700
16100
6300
9000
7600
12500
15200
17300
5400
6800
6300
5600
12800
12600
17900
10400
3600
14200
11000
15000
11200
19500
3600
15100
9900
14800
4400
10200
10700
11600
13800
11200
10700
4100
9900
3200
15400
8000
13000
5800
6000
15000
6800
8600
6000
4500
12000
9400
9000
13000
15800
5400
13300
10400
5600
10400
5800
13900
7300
17500
5600
5000
12600
15200
7800
21600
10600
9500
7000
15800
17500
5900
17300
8300
15300
14000
4800
5100
8800
9400
4200
6400
13100
6100
15600
4300
15500
9900
12100
5800
13800
3900
8800
13300
3500
16900
6300
10800
3800
9100
4100
9600
15100
17400
14200
5400
5200
12400
6600
5200
10900
6100
16800
3300
15500
11200
14100
7600
14000
13300
13200
5600
16300
8800
16500
6800
6900
15900
3700
12800
5600
3700
4200
10500
4000
13200
16900
7200
5000
13900
16900
17200
17700
9800
10100
4900
4500
21300
4900
14800
8600
8900
12500
12400
15700
15700
16500
14900
13300
8000
4700
7900
9000
10300
4200
8600
7500
7600
14100
5900
7700
11700
8900
11200
16000
12600
5600
14100
8500
16400
3700
6900
4800
7200
16800
7500
11400
5100
14500
12200
11400
3700
5300
5500
6100
12200
9100
7900
5800
4900
18100
4600
11500
9500
5800
5400
8400
9200
8000
17700
13100
13500
13000
10900
3900
3700
13800
17800
11700
6700
10400
5400
6000
15500
8900
4100
13900
12100
12200
10500
9300
6500
12500
6500
10000
3800
15100
6700
6900
4700
3200
8500
7200
16200
3900
5100
16600
13900
16900
17100
8100
10300
17700
17000
6800
11200
10300
3800
10500
8400
8100
14800
13700
11000
10700
16400
17000
13600
7700
11800
17000
15100
8000
4800
14500
9600
6000
14000
7300
10800
15400
5900
8400
12400
17200
10100
8400
3800
12200
6700
7900
12900
11500
10300
17300
10500
4200
9400
15400
10500
6700
16500
3300
4200
6900
16100
8200
15700
6400
9400
5300
13100
4400
15000
8100
10100
17200
15500
4400
8000
4100
10200
5400
11500
12400
12400
15600
14900
11200
7000
5100
12600
15900
15100
15700
16400
11700
14800
10200
5600
16300
12000
4100
13100
12400
5200
11200
5200
5300
7900
13500
16800
16200
6000
14600
13900
9500
8100
16000
12300
3300
12800
4800
4400
7100
15000
8100
14300
4500
10400
3900
16200
15500
7700
9400
7900
14300
4200
8200
6000
7900
15100
7800
15200
7700
13800
8100
16900
5600
5600
3400
4700
15500
10500
16200
8700
11300
5300
5700
8400
4300
10300
8400
12600
13800
5700
3800
3400
7900
12500
4600
13300
13800
11100
9100
5100
4100
5000
20200
12600
3500
5100
10700
15000
13600
17600
13100
11400
5100
16500
14700
17200
15100
3500
17000
13900
13700
7900
11800
8400
5300
17500
10800
5200
7500
5500
8700
10500
10500
17400
17400
8500
5700
13500
8700
13100
11200
13900
8900
9800
16300
15500
13000
6700
8200
7500
9700
6300
13200
15000
6300
8200
9800
9100
16200
5000
16500
16100
11900
12800
10100
14300
11400
11200
4900
5900
15600
4600
12300
15700
9700
6200
10600
10300
7800
12600
15000
15000
15800
7700
7300
4300
9700
4400
14800
5800
15700
6100
13900
3600
17400
11900
17000
15800
5400
14400
7200
11000
16400
12100
16700
13800
14900
17300
14400
5300
4800
3700
14800
6700
8600
11600
3700
17300
13700
9600
18200
14900
11000
10200
6400
12900
14500
6600
10500
15900
9400
8100
5600
13200
15200
4600
13800
8400
6600
17200
13100
14200
17400
13900
9300
11700
16700
5100
9900
7900
9100
9800
15700
14500
10300
4800
17400
17700
6300
13800
4200
12100
7200
5500
7800
4900
16800
15500
7700
16500
4800
13700
13500
9400
15700
7100
12600
9900
5000
10400
10100
12100
13100
6900
6700
11900
15000
4900
17400
17000
4700
14800
8900
13900
9000
5000
8300
3500
9500
13100
12200
3100
15400
16000
5800
7000
10000
14900
14800
6700
10700
10200
8000
16300
7700
14500
14400
4700
8200
12200
6700
16700
5300
13300
12000
12200
4600
13300
4200
14500
16500
5600
16500
16200
10900
17300
7000
6100
3700
15600
4000
14500
15800
12600
11300
17200
12100
12100
9000
12100
8100
5100
5200
5500
9300
12700
14400
14500
4700
14100
6200
11800
13400
11200
3700
4200
16500
9400
9100
16100
6200
11100
11900
13900
4600
19500
11600
12900
6600
17400
10000
12700
9800
6000
8700
9200
16900
14700
7900
16100
10200
14700
10600
5500
7500
4400
13400
3400
14500
11400
13800
6800
18300
4200
10000
16800
4100
9300
15900
12800
11300
8200
9900
16600
8100
7600
12400
12300
4100
11400
11700
11500
13000
6000
7300
11600
7300
9900
17100
10600
9700
3800
12500
5200
11900
16500
4700
5700
10200
5400
16000
12300
12100
4700
10900
8700
7700
3400
4300
13800
14900
4600
13200
14900
6500
4300
4800
16000
14900
7700
5700
12800
13200
14800
4000
16600
4600
7400
15800
8600
6900
4500
13100
12000
10100
10400
16600
14600
6000
5500
15900
8900
5800
6500
17300
4900
5500
4300
15200
12400
16700
12000
9500
6500
8900
7100
8500
13600
9700
7600
6300
9100
17000
15500
16400
11900
6100
14100
14800
12700
7900
10400
11200
5000
12400
12100
14300
11400
6400
12300
3600
4200
11000
4200
8900
14000
6600
9600
14000
14100
13900
7700
14900
3500
8700
9400
11500
8700
16200
10500
5500
8000
10100
14100
9600
3700
9400
13300
15000
5400
8200
9200
13100
4300
10300
8800
8800
13900
16300
5200
11900
14200
4200
4600
8400
15500
16400
6600
7700
9100
8800
15200
11100
6400
11400
16700
10400
17500
4500
10400
17300
14500
11100
8800
7100
12400
4400
6500
13400
5800
5800
14000
11200
21100
5600
16700
10100
13200
13400
11800
5300
7100
3300
9700
9400
11900
10800
7600
17600
6500
3400
15000
6200
12000
5000
17300
17600
9100
16000
14600
7300
9100
4900
10100
5100
16300
9400
3700
6000
7400
7100
14700
12300
12400
8500
10400
10000
21000
7900
11700
11500
11600
3800
15900
7600
8800
5400
4000
13000
7700
4300
3800
15100
5100
7700
3400
5400
15700
15100
14100
14800
13400
6000
10900
10700
5300
9500
9800
6100
11400
8000
17300
12100
8800
12500
12800
5100
4500
9700
5400
8400
5400
15600
12500
8700
9100
17100
7700
13600
16900
15400
13600
5800
8500
3900
13700
3200
13300
4900
5700
4500
5600
8400
13900
20600
15800
9700
8800
6800
9200
14200
12300
5700
10400
12900
5400
6100
11300
6000
16300
5000
17600
6600
7500
9000
13400
6400
17100
3600
13700
4000
12100
12000
16100
5000
7000
10300
6500
8100
16100
16200
15600
5800
8900
10400
9800
13000
7200
8200
5600
6400
3500
16400
9400
3200
5400
8000
15800
14100
3700
10200
17300
5900
14500
5300
4700
3900
19500
6700
17100
10900
8700
13800
10000
4000
4700
4100
3400
3400
7900
9800
9800
11000
5900
16300
17300
6500
8900
10200
7600
11000
14700
8900
7900
12200
11600
16400
14800
13700
15300
3800
12100
13300
10500
16700
16900
6200
8400
5700
4600
16200
6500
4700
9800
11600
10200
12800
6600
3500
11800
10600
15000
13300
14800
14000
16900
7400
7800
15300
4200
7000
16400
3800
12300
7800
11400
5100
36900
43500
11300
25700
17400
39900
24400
51300
32800
19500
9900
6500
5000
9200
24100
7800
12600
26500
5800
24700
